-4.874976382678390951e-01
4.327838481808821136e-01
-8.872707671272843655e-01
-8.682715102947435870e-01
-5.386099300687920977e-01
1.526243721031796952e-01
-1.018674304384736828e-03
4.554842671062941939e-01
5.418768310576336233e-01
-9.429042605591919646e-02
-7.459663531267770598e-01
-2.980621702540378060e-01
4.624626355558854041e-01
3.134801206192197043e-01
-6.913307445426786213e-01
-6.888723420304316836e-01
6.891138332845847536e-02
-7.248022463939680637e-01
-7.411424370876342760e-01
2.273232283219199790e-01
-1.519944784443907349e-01
1.140891605561411559e-01
-8.172958926952018643e-01
-2.187830531974683801e-01
-4.497558913917827361e-01
-9.332490073000438979e-01
5.571620157002954432e-01
-6.320438052562205034e-01
-8.357325538485584904e-01
-4.612030704020377847e-01
5.665407538089195505e-02
6.668520990881097177e-01
3.513182840566846377e-01
1.901111855205854795e-01
2.679289067249057688e-01
4.829339059114605703e-01
-7.211630104451360879e-02
-6.564621640816563630e-01
2.623718596651043455e-01
5.622990120854853835e-02
1.738141307841272187e-01
7.855706923436494016e-01
-1.241453915746131287e-01
-9.228256523221392005e-01
-4.493141630878154658e-01
8.535277852128471121e-01
4.409010458170283808e-01
-4.868628687373610653e-01
-7.507070543567004872e-01
-6.911216435635525457e-02
2.232946608555308465e-02
8.040723193375103328e-01
-9.999733706701618985e-01
9.427384302657557669e-01
7.688892317844175928e-02
-2.884712687892643235e-01
-1.017324727644772775e-01
-5.771036083269114325e-01
3.639823535390926956e-01
-3.785644406546688767e-01
4.560705411300185474e-01
7.254814003535874356e-01
-6.959016636251833532e-01
2.644558202905924471e-01
-1.247476523423325379e-01
-5.440582395201931654e-02
3.727039308888957514e-02
-1.166460030835967387e-01
9.332370221140751099e-01
1.955493451084693302e-01
-8.688473604007311835e-01
2.517431025094878372e-01
7.135170955204286347e-01
-8.686358902319513131e-01
-6.879899499852195621e-01
-6.849308383770749131e-01
1.377455062953600873e-01
-9.431099448787425565e-01
3.254809345110416530e-01
9.300582621574777775e-01
2.020482783546209138e-01
-7.155610471335638323e-01
8.617814641329899494e-01
-8.286478614596048953e-01
-1.457914836747413734e-01
-2.330128753358069460e-01
-1.140894233329354801e-01
5.686428196853965389e-01
-8.817953505533933090e-01
-6.743029894828242998e-01
1.510556309572410605e-01
-5.554440292058158146e-01
-7.851957630701573709e-01
4.526963112988837690e-01
4.619755701494154820e-02
-9.728069030721364641e-02
-1.256342404612347252e-01
7.295949304400095592e-02
4.557994535628282495e-01
3.040879104005000944e-01
-8.845993948372079529e-01
-7.650719544079087608e-01
-8.519732459032061112e-01
-9.926988621891823517e-01
-7.843369011531948765e-01
1.128131247408337146e-01
9.746090123115103143e-01
-8.703750578571822771e-01
-5.293536584829741098e-01
-2.367955948229492069e-01
-2.468682412975202745e-01
-7.633958036032373329e-02
-2.713681573666182345e-01
-9.347925413484010626e-01
3.078812834262278919e-01
8.897210878691128588e-01
-1.062777499534419690e-01
9.798948068867414651e-01
3.327882490741029820e-01
3.204911078797123558e-02
5.825986391137991660e-01
8.272800919355782767e-03
8.987044692098251630e-01
5.408780801866874821e-01
8.709092503272242158e-01
-9.725202404693478186e-01
6.795702617481287344e-01
7.091538646442185900e-02
2.130032929886649384e-01
-6.034222347093032290e-01
-4.933729274710867418e-01
-9.325887441636464548e-01
-8.507543439660560924e-01
9.772958742547943611e-01
1.476778159198173235e-01
6.042870327185101420e-01
-5.092980368145043624e-01
1.607558550887657756e-01
9.741961715442339909e-01
-7.382307605715709986e-01
-6.284974681867729895e-01
-9.129748000306192601e-02
-9.626450761260203492e-01
1.832138320050034075e-01
8.457828451795896818e-01
-2.776794461023164295e-01
-4.622635173392066754e-01
4.090174086440259149e-01
4.545843614673026334e-01
2.320626200465552014e-01
3.158408381747273008e-01
-1.852346247649963029e-01
9.942389115161587299e-01
8.776607132916818266e-01
3.137095297552037199e-01
5.325851887180934607e-01
-5.279165277787196686e-01
-7.320223231374900497e-01
-7.530398993684328524e-01
2.554089423922005775e-01
4.723110924048723458e-01
1.551920863543321261e-01
2.417934683591718148e-01
-6.476056160588539168e-01
9.866938190464706881e-01
4.936909199998333886e-01
-6.214250099739351274e-01
4.100631815692541426e-01
-8.286156044743839821e-01
2.362322443251576587e-01
5.679449787625643342e-01
8.969133860083329246e-01
5.403608270368782662e-01
-3.492465476648698441e-01
-9.086566384688876674e-02
-4.489582845331858696e-01
9.758428308272335538e-01
4.072124146776845421e-02
1.799585031382970879e-01
-7.606481360464283359e-01
-5.875378555307990691e-01
-4.020877465079848445e-01
-2.087753077077354469e-01
5.335912477946358479e-02
-7.627750562599899808e-01
-4.823416912832854120e-01
6.734972504935619053e-01
-3.342773149662978671e-01
1.325211353157118577e-01
2.081657405882961775e-01
-7.173922017300131682e-01
9.713412029626444788e-01
6.679135199856318650e-01
4.237653941187244921e-01
-6.256605584284984367e-01
2.808118342449859028e-01
-1.817494949632820767e-01
9.662991500057722671e-01
-6.423270327333339136e-01
-5.444720294705551744e-02
-2.562578504421153536e-01
2.476382903631375587e-01
8.924942021094453004e-01
9.321306732990473076e-01
2.413048785722404777e-01
-3.970953863642556758e-01
-2.963305666025217722e-01
6.870870150192549541e-01
-8.503567146608119742e-01
-7.804580283482644987e-01
-6.425723493399324582e-01
2.317572012403412707e-01
8.272905569838564510e-01
9.957615673549837787e-01
9.412752163796334059e-03
5.819610204582899016e-01
-3.870261880445997615e-01
3.346945505903655693e-01
-8.537478355697050159e-01
2.670182370983993358e-01
-9.661545791860692844e-02
-5.287289407815640718e-01
1.242952099830141321e-01
6.009168588797353383e-01
-9.905208268564809071e-01
5.655431380159066101e-01
2.354740792602638688e-01
5.818653550307300026e-01
-6.326070039554485547e-01
-7.366883465727582792e-01
3.643789484852910654e-02
-8.287739487672098893e-01
6.244626780629229934e-01
7.600016309440515982e-02
2.519795273977585293e-01
4.557892034173633977e-01
-3.348147567743953168e-02
6.025409063473250448e-01
-3.616794133556870960e-01
-9.390766084683623838e-01
-6.680305812657010289e-01
-2.444711711929961062e-01
-6.164988488578166947e-01
2.386872015401220182e-03
2.182891111268570050e-02
-9.504521719677132552e-01
1.260569152583701502e-01
-9.210126979281931803e-01
2.722959264873356933e-01
2.223322467834605298e-01
9.106125719502118354e-01
6.309137823333494932e-01
2.284834905252404180e-01
2.958525182958449129e-01
-3.331682104788626919e-01
8.067304187499184653e-01
7.598741479815844801e-01
-5.515034081994054649e-01
-6.758081349149036576e-02
-5.110941064307117365e-02
8.119728649844739632e-01
1.040220262762094894e-01
-8.007024547681098614e-01
-9.132351707645205430e-01
-7.251350123029807193e-01
