9.457633095191002592e-01
-8.043930486362504961e-01
-8.927610100185789932e-01
-2.288573254784036504e-01
-7.635443169276121544e-01
5.871068746564218621e-01
-7.059929158994855403e-01
5.850155121432645267e-01
3.091616710087019548e-02
-7.569645636358204310e-01
7.600172132529441349e-01
1.370478673584483165e-01
2.977492720237964186e-01
8.152134668539621210e-01
-9.429252843035478282e-01
-9.719314833461902836e-01
5.343016732072158881e-01
2.575892807855597599e-01
1.750495232796087652e-01
8.911257018195131163e-01
3.573164561061703548e-01
4.717352701429755601e-01
1.058745458282743801e-01
4.871044281953711419e-01
-9.094277520955862393e-02
7.926715754932645019e-01
5.961413712969423351e-01
-9.585719679389856918e-01
-3.425250797054284480e-01
-5.515625652880919993e-01
-6.289156112649640917e-02
-9.971348796273686865e-01
-1.412513101284984529e-02
-7.905964855044054218e-01
-7.091605888142624714e-01
-2.084837974932849392e-01
3.140031337616795426e-01
8.971564390376378650e-01
-3.064795739083159276e-01
5.090912076104874284e-01
-9.382958620375019265e-01
2.283256698342972513e-02
5.283602171624046662e-02
-6.067205261081110024e-01
-3.662783894462118273e-01
-7.476337833795525523e-01
-6.510389511488081649e-01
-2.756991759017877186e-01
1.417572638628539217e-02
-3.787932981451771486e-01
6.397906692902917136e-01
1.901449297290995766e-01
-7.266572665624075889e-01
1.574707184205073052e-01
-1.142733493153476054e-01
-8.820064890062278007e-01
8.133804011274938794e-01
5.934348864242999788e-02
-9.453543871713121494e-01
-4.560640673573272963e-01
-5.503018810765660795e-01
5.095435239302759101e-01
8.023622543565345211e-01
1.665872749478392034e-01
-9.228245269509940396e-01
5.036821801947350963e-01
-5.665217259023167529e-01
9.980794724745045698e-02
-3.528485528374167846e-01
-7.569984227014925349e-01
7.807844680483877475e-01
9.789604843966113190e-01
-3.124699507840527080e-01
-9.464526023759747275e-01
-1.443357273040657418e-01
8.302081020457396932e-02
-4.108629980952236416e-01
-6.032738878527657000e-01
-7.303941844626455904e-01
9.224159090760533086e-01
3.579216023586220263e-01
6.386114843497978644e-01
-3.889853082435301701e-01
9.774132199958620593e-01
5.045292253947344374e-01
-7.641444622406718956e-01
-5.531879518438558296e-01
1.064967283352760141e-01
-4.097562979845708053e-01
2.455559762157726311e-01
-7.936314885747886017e-02
-6.719947959346788124e-01
4.182974413856792584e-01
-7.554096078353498278e-01
-8.272529977311935401e-01
-3.874513695166679206e-01
2.628488637108024051e-01
1.034711909735175350e-01
-2.377782854269279156e-01
-9.179134157326709342e-01
-5.297511933703715759e-01
-2.032989015200685756e-01
7.642676246749053881e-01
8.503711556720072728e-01
2.792170946249814545e-01
6.551913855716380297e-01
-1.545334023886755226e-01
7.031438071405580192e-01
1.586109019092891703e-01
1.755331647503211023e-01
-6.462551380994787653e-01
-3.908862613049313151e-01
-9.769449650393375872e-01
-5.716132469147934270e-01
9.713606478418592705e-01
6.386493811366351636e-01
-8.025971339968918095e-01
-1.267598727574237305e-01
-8.061515810713879571e-01
-3.313802325609884747e-01
-2.209702379422648910e-01
4.582049563156767036e-01
5.757324201712559208e-01
-5.871742360594955912e-02
-2.933855419556978816e-01
-9.350727445584396946e-01
3.344637612916523395e-01
5.954835422162378933e-01
3.230390832907379384e-01
-2.822734820512364795e-01
-6.469251452103559341e-01
8.121945961923400237e-01
4.610220315553603676e-01
1.949499616244099176e-01
-9.808575431651589405e-01
5.158281733157714655e-01
-5.764038995234643803e-01
7.454953079480433065e-01
-7.929465496541598934e-01
-3.880444559765019452e-01
4.532330373221933328e-01
2.526982385996670022e-01
1.260131790181500122e-01
4.741765083503441947e-01
-9.272724833277796730e-01
1.307707448855826016e-01
-4.402996020157847745e-01
8.045641043909883550e-01
-3.527901603426195631e-01
5.263429198606977000e-01
-2.855187452195520059e-01
6.090548496465477690e-01
-9.403532795743261286e-01
-9.961703391646712369e-01
-2.056101172244551023e-01
-1.363588393846331126e-01
3.577286200725815490e-01
-4.238512540372949555e-01
2.976235245677156804e-01
4.850696304508195222e-01
6.239971033765132624e-01
-1.912834904185365392e-01
-5.986557664035303539e-01
1.264826912608461029e-01
-9.622493301913972452e-01
5.517292991236659727e-01
5.701643484528147177e-01
4.635454985682201379e-01
6.209738206185138054e-01
-6.123071583875163704e-01
3.217393648395285854e-01
6.507304718932467313e-01
-7.290388166862857844e-01
2.469683511250877483e-01
-5.007806933933853788e-01
2.959011534412787636e-01
-4.032389043727706568e-01
5.515541257188170121e-01
7.565589077784102834e-01
-8.117070991851911277e-01
7.962737462403941535e-01
-5.320517733229808144e-01
3.773843316566858341e-01
4.501629454535538422e-02
-8.474930326911873646e-01
4.517333645109724571e-01
-9.606991108779920907e-01
-3.482044922030742562e-01
5.742427479742067131e-01
2.947663455853890557e-01
-2.809086391965398555e-01
3.134546970012199729e-01
-2.569911575360011025e-01
-6.986404985874405948e-01
9.117785841740708719e-01
-7.795503149912872409e-01
-1.060941302417350851e-01
-1.103173249775073472e-01
-7.250264682516729398e-01
-4.849386762577589938e-01
9.801070410736654193e-01
-8.596776709136444428e-01
-1.156754732800144847e-01
1.076644795940173704e-01
1.180354967625636409e-01
9.245569358915777247e-01
4.121167514823924627e-01
2.688465666701886914e-01
6.859314822663808986e-01
-8.822707697887537392e-01
6.738172874175734073e-01
3.542449038337127654e-01
3.372763187356442316e-01
-4.907393335234699894e-01
4.894452456669666773e-01
-2.611395953546356008e-01
-7.591732926659593428e-01
-4.213565262341600892e-02
6.646984825591701895e-01
-7.565825640021981435e-01
-4.579618318533966725e-01
6.687912248361949086e-01
7.601898379970024600e-01
8.121346407330902739e-01
9.799882997975719601e-01
-1.691278861701193126e-01
-1.576843019638529686e-01
-9.996637668636589868e-01
-8.616963556462631235e-01
-6.014838328646350263e-01
9.225380824793569801e-01
9.793593852190543014e-01
1.203224272301517406e-01
-9.535399729627203058e-02
3.394976506783953241e-01
3.648091115968326026e-01
8.590369245304823043e-01
8.650678910090832119e-01
-2.598521679508138948e-01
-8.231798416094724402e-01
-1.219755645417051060e-01
-8.494669399997041292e-01
-4.848497417898065542e-01
-2.898567763844377421e-01
-3.606842479925975731e-02
8.981443441429057817e-01
-2.396270782088683049e-01
-7.664903156351599023e-03
-8.639933763001717004e-01
-9.631915863971514113e-01
-6.453765477999189315e-01
8.317569506774724619e-01
4.056611756120964696e-01
-6.449197507393167328e-02
-9.654835847228107060e-01
-1.765719858987968571e-02
-9.353870977311358192e-01
-4.162574585099598767e-01
9.532400486170582443e-01
-4.516737352248754167e-01
-4.660024618571083632e-01
-7.243255231948595441e-01
-5.475049851027511405e-01
7.612482117394714365e-01
-9.827077862134858677e-01
