-8.425058803908573868e-01
4.697822926921311204e-01
3.888040537233095062e-01
-3.664362575180437620e-01
-2.341550711976423393e-01
4.051932091872973984e-01
-1.974190105975350829e-01
6.636212423458605070e-01
1.721593429566641298e-01
-9.593859902555097463e-01
8.825442587607725820e-01
-3.191754866526601564e-01
-4.735215756948591981e-01
3.722506200475805826e-01
5.962734744761521988e-02
-4.353710031425963578e-01
-7.118704944150211489e-01
6.185046498324200392e-01
1.121576137753772517e-01
4.047245463443798208e-01
-1.856462154934575004e-01
-5.086175914214108307e-01
5.372376275772072773e-01
-1.794108698427807624e-01
5.725863444907435262e-01
-9.864461066034004855e-01
-4.472509275087688252e-03
-6.321831887848885501e-01
-3.367429790509635090e-02
-1.996967239906262126e-01
-9.813014869696141673e-01
-3.726291339206035946e-01
-5.735615069990771531e-01
-1.714759268404790760e-01
-6.051652254612289727e-01
-2.206480747909322915e-02
1.161467725977809451e-01
-5.351614173011538522e-01
3.034239801364495559e-01
-9.627052798701063452e-01
-1.028927037115545673e-01
-3.944308214072798080e-01
-2.855523447539871640e-01
-4.917846649409618465e-01
5.415783881271138966e-01
5.841532672620735056e-01
-1.664759847926911007e-02
3.148409954180806380e-01
5.809797099233589002e-01
-4.535070416290798434e-02
-1.925277734509065475e-01
-7.578465337307214167e-01
-1.711631564769546809e-01
1.343177006615992042e-01
6.277499933233012808e-01
2.590207764988046168e-01
-7.319494707492577579e-01
-5.134645341490218229e-01
-5.538548687871678311e-01
8.619173079507038704e-01
-5.235314342026755607e-01
-2.814884179409635756e-01
-5.781552253870227975e-01
6.504326860467166682e-01
-5.942613839664478981e-02
3.719122511955770261e-01
-8.571879950157998973e-01
-9.838703095274006216e-01
6.093512418053903534e-01
2.323283313453339272e-01
-2.765495415531564749e-01
3.769949773214602562e-01
1.813330116972977635e-02
-7.998344885700390261e-01
8.476020473694612090e-01
-2.386632555083767482e-01
1.597688509916077582e-01
-4.160606744925532396e-02
7.165289677566015758e-01
3.946774247866891017e-01
-1.106586613577014155e-01
8.171858953074937482e-01
-3.768609052950462335e-01
-3.280684428958202670e-01
5.084664050894764920e-01
-4.791386682280740494e-01
-9.832178993179074844e-01
1.545352703152200746e-01
-9.263688872953301789e-02
1.310206841792109778e-01
2.338161091386159463e-01
5.464633108433043507e-01
-6.821710318296587694e-01
-5.664933717881133202e-01
-6.045683972730564459e-01
-8.460946160785618453e-01
-4.702780654640852376e-01
-8.422423005190218248e-01
6.118983310476151516e-01
-6.327146659123741301e-01
-5.582024133552008216e-01
3.026095913311555030e-02
-5.400837815619885518e-01
-1.591687156585752660e-03
-6.811250980330563198e-01
3.359103584718039492e-01
7.175099661424895192e-01
8.180971961917420376e-01
2.716699579180714696e-01
1.237917745784862245e-01
8.994635671393726994e-01
7.399934361335389621e-01
1.864430150509173156e-01
-5.587443444151181104e-01
9.826157527063583697e-01
7.299214968220273381e-01
4.832482025945890047e-01
-5.187646331455673110e-01
-8.910478204014360415e-02
8.990028847822917335e-02
3.096117277589245376e-01
-9.688163749146885273e-01
3.913805568226558229e-02
4.456485330824293545e-01
6.878728375268747808e-01
-6.795168362466912360e-01
-4.318605614525086178e-01
-5.896574261403395578e-01
-2.006437837977561589e-01
6.411998461704260244e-02
4.784396086489599575e-01
5.911707485104411575e-02
9.659071948337460967e-01
-6.980792438165388525e-01
-9.341094793963982124e-01
3.534248325651354605e-01
8.594030436712853938e-01
8.987760698311482166e-01
7.972005538467799024e-01
6.785934982367081147e-02
-7.299294241812375184e-01
-1.333413844094208933e-01
-5.261268102725562557e-01
6.241567510371086591e-01
1.735026283251253076e-01
-6.733906590651970170e-01
-5.755803550997422580e-01
-4.998224721493556011e-01
-6.616639620705253577e-01
-8.847544391380806061e-01
-1.101785133093857727e-01
-2.429684220506889147e-02
1.731227300494952992e-02
6.255350317741876776e-01
5.144990140338405737e-01
9.711506285102768921e-01
9.160887370913803895e-01
-4.370374792206221937e-01
7.074786498077583197e-01
-9.902853916026874703e-01
3.331403084189525909e-01
7.342362146588801153e-01
3.563204181339809651e-01
8.590457634213335414e-01
-2.261994283969341879e-01
-6.842850147073757938e-01
3.801339851071037224e-01
2.857631454330629150e-01
-4.098965070726621196e-01
-5.842081051708210016e-01
-1.409517694402548926e-01
2.729558068795843173e-01
2.293870248160321257e-01
-9.828297784425974459e-01
1.584394357345684234e-01
5.406091239194483755e-01
-7.738547630323335813e-01
-8.783773539388624041e-01
2.971230990604205591e-01
-6.041440373134034925e-01
-5.788490369105796507e-01
6.493465871586945326e-02
-6.973734221474396922e-01
-4.751196609354260136e-01
9.152364521388538510e-01
-6.686795818917556922e-02
-2.026198616302559152e-01
-5.960154642006547654e-01
-9.263661362506856456e-01
-4.376862857375563021e-01
5.025176425047994666e-01
8.528072708695930704e-01
-8.150942143488937308e-01
5.741665850526427306e-01
-8.913635326827609173e-01
4.548798788506280832e-01
6.443267479437955192e-01
2.216243239075028626e-01
4.840456237215915447e-01
-1.545561885696182802e-01
-2.576123326182844231e-02
1.332834586585536218e-01
9.207596560365007843e-01
-7.856187671184267085e-01
7.868040791495487518e-01
-9.058308608713352417e-01
4.909653087602061650e-01
-1.424559697956295778e-01
1.414110385796842895e-01
7.306071854948710254e-01
-5.110020269508304125e-01
-8.712405400412288614e-01
6.733138623070744622e-02
8.821283848450642839e-01
5.305461630634935588e-01
-7.767127914203881822e-01
7.135675336273139546e-01
9.490972799691885786e-01
-5.862894236700550987e-01
-1.590041172727536534e-01
-4.621381476614165873e-01
-5.632666375243831069e-01
-2.896135848570831062e-01
-8.457093204237531303e-02
-9.063523257552519308e-01
7.570117158356381992e-02
5.307366470024246219e-01
4.806206771224710295e-01
6.680164689163112790e-01
-2.180537591170168543e-01
8.820170228400974199e-01
1.878898043737970980e-01
4.021099611671596907e-01
4.455074157808704971e-01
7.405262738730011840e-01
2.968300318355379108e-01
4.595924763726191298e-01
-2.910892272619569621e-01
-5.706336162713590010e-01
5.148902018385168589e-01
8.590332415018144818e-01
-7.155989318074686967e-01
-1.690322196782125808e-01
-6.519738796462877239e-01
-9.324899768018908297e-01
-2.533000673577112671e-02
-4.474895936575991051e-01
-3.044366121356456567e-02
7.921257312243938919e-01
-7.200831031926440140e-01
4.009963013919608521e-01
7.044095241846315414e-01
-5.308496663640465130e-01
-2.176495962224427316e-01
4.591377451702023382e-01
-2.892872067546594650e-01
7.212977954118802160e-01
7.402321777820668469e-01
1.521736369708417413e-01
-6.900034949676006057e-01
-9.316738025889124142e-01
8.110793022629638749e-01
1.222139243028086408e-01
3.660187928553575443e-01
3.175054206045178073e-01
