6.052090365286704188e-01
-6.085030067787864372e-01
2.512116307036738050e-03
-8.001924095231356393e-01
-2.631126978308264697e-01
-2.237655658655048896e-01
-2.055218612568245895e-01
-2.203442052183168798e-01
8.870719750686000271e-01
4.759880831496758891e-01
9.603063430745057971e-01
-6.088251256925623078e-01
-4.964430023007002646e-01
9.981401025604645927e-01
8.148607001465291155e-02
-2.110032903624181611e-01
4.181589188502488064e-02
-9.356882384512321682e-01
-5.199667533958407528e-01
-3.186869719899283471e-01
-7.136470046168426062e-01
-3.905740202574377040e-01
7.892317444078083000e-01
9.380680541462109723e-01
9.478801215265464375e-01
-6.031197430230295087e-01
2.395374613042549061e-01
3.151900510748537609e-01
3.008445078146668727e-01
2.295625123232702958e-01
9.911754644744363851e-01
-5.893823949631560311e-03
-7.921229217984282478e-02
5.077250493636549233e-01
9.967375722413067685e-01
7.851195446515135679e-01
2.448030554539644132e-01
-7.578407352101730332e-01
-7.380394906238489927e-01
-9.281133795259437491e-01
2.780641216145678385e-01
-3.497868934744041702e-01
-5.307879899936995827e-02
6.309768272708202730e-01
2.405721326306902164e-01
-3.624085620073691505e-01
-6.302924740818369731e-01
6.946262691902285180e-01
-6.124199600211990280e-01
7.143705074535797728e-01
4.730219007641009998e-01
-7.068699155444697624e-01
-8.836413352844207925e-01
8.121525881260447388e-01
-9.604831937987610146e-01
4.778901025560984284e-01
8.062555143388221435e-01
-9.341371048320392667e-01
-4.042652403147626305e-01
-7.714172501710798713e-01
5.107900481742457810e-01
6.425318665324855072e-01
4.528986207122149832e-01
-8.759464041959272862e-01
-8.308760002382851173e-01
-7.557131131319689832e-01
-4.612031155418465644e-01
9.283350390070148617e-01
-1.370933914522554087e-01
9.416459356807045378e-01
3.823183912739009926e-01
9.858834218066614419e-01
-3.865304266314046888e-01
-7.782316704210674452e-01
8.361297158527505324e-01
3.848897279094023460e-01
7.065813071702831127e-01
-7.522220089618982808e-01
-7.274881489513675970e-01
-9.899845674468596979e-01
8.554658164210677818e-01
6.925392557063796417e-01
-2.673863585238438478e-01
-3.196343433834147874e-02
4.165233915046899771e-01
6.508739138164354454e-01
-2.257221037026084787e-01
-6.393546347163743260e-01
9.983819763352832499e-01
-9.896934170302729150e-02
-1.959854392533348921e-01
-1.632216991788459914e-01
7.032012583780344883e-01
7.886498864032784883e-01
6.974139498166598283e-01
4.416122095175045725e-01
7.984309914364204896e-01
-4.800384438403719756e-01
-9.296875312163899174e-02
-1.424961030086813185e-01
-7.473626436604441370e-01
2.403145000139292886e-01
-5.816339433254436031e-03
-4.878324123535602297e-01
1.767220712737767041e-01
-8.327263421282653511e-01
-7.789397679366996119e-01
-2.375590649980579006e-01
9.155913669730824100e-01
4.568459481619133733e-01
-4.859946566671566881e-01
4.931133411693153779e-01
-6.886821417532293932e-01
-1.457377794403669213e-01
-4.292203932862612703e-01
-6.601661319481122447e-02
-7.333090339081138609e-04
2.215424176023228497e-01
-9.932765103747414059e-01
-3.644169969493260552e-01
9.226630270574345261e-01
6.206906261294831140e-02
-6.823242094791706069e-01
-9.739690581258029223e-01
6.977799224483902663e-01
4.385380312806266279e-01
8.559611004576415105e-01
-3.022765980065733604e-01
2.995765904795804069e-01
3.079286839447372692e-01
8.699935122593815962e-02
7.849933109942670573e-01
6.275246965872451899e-01
5.717678281905966831e-01
-4.058623097993137030e-01
1.009474737943187872e-01
-8.439170103227768838e-01
3.771384344248218667e-01
4.593202135212153259e-01
-7.306712993366226705e-01
5.803226364677314120e-01
8.313210010848963716e-01
-9.021189297011278363e-01
8.276201968942060727e-01
5.551221049419823306e-01
6.195219823137674275e-01
-6.668949070417504732e-01
-6.815608950552225487e-01
2.428200391962047622e-01
6.230625412418997477e-01
7.825834973205119116e-01
-2.758083093243988149e-01
-7.797937217970172252e-01
3.406746170229149051e-01
3.211117189085175294e-01
6.307024218250472103e-01
-2.662844184716726126e-01
-9.652540501306108300e-01
5.835539855404032750e-01
6.203951755599885765e-01
-8.274687418510142667e-01
7.569765753188537616e-01
6.290637134650383100e-01
1.118870079072322721e-01
-8.042314369501781801e-01
-1.962364115407386755e-01
2.545257909363098925e-01
-6.268671915826835583e-01
6.556345697244858606e-01
-4.977259144689969439e-01
7.397269355913449473e-03
-9.408034607794759641e-01
-4.271998865327875095e-02
-2.090409882784254325e-01
7.301069584077657382e-02
-9.375703723060191397e-01
9.311186850378394553e-02
-5.874031929033085575e-02
-2.091650199670436194e-01
-4.079445778198331762e-01
1.142343441391298065e-01
8.743672907840174258e-01
6.488950554178103403e-01
-7.091026876784354283e-01
6.756975944766261399e-01
-2.502734646511803884e-01
7.099233386787993094e-01
-2.234787544858731767e-01
2.390156715487277150e-01
-5.683161707972890220e-01
3.803177382932283468e-01
7.815526991696222225e-01
8.432921080029287531e-01
6.311489226072373171e-01
-9.357816414799666749e-01
-5.332082701125739899e-01
8.666340075192382475e-01
-8.702016308014168811e-01
-9.195571979499443938e-01
-5.868229186650752993e-01
3.123024599580677130e-01
-5.947581284582854622e-01
-8.617874763118658077e-01
-2.309710126806652219e-02
-4.073981895003417897e-01
-2.874786631466008657e-02
-1.077518876157850247e-01
9.361725837384260451e-02
-5.429792322886608513e-01
5.248718387525808104e-02
5.566330774380336965e-01
7.195858482759762698e-01
4.548965037657619614e-01
7.021147896456292337e-01
9.694310450892520414e-01
-7.000192457312355288e-01
7.109115141746877864e-01
-8.599041914834961720e-01
-1.706644518480546768e-01
3.041103500027597661e-01
-9.501110408435815557e-01
-5.969730382040945305e-01
1.696777814812233665e-01
-4.172065901317376646e-01
5.798492464979365657e-01
7.168798830555103141e-01
5.290205023580047961e-01
-2.534855420527937220e-01
-7.418812918719277505e-01
-3.197505731375922533e-01
2.410258432780176818e-01
3.779217537366981183e-01
-2.124592498773267835e-01
-7.664802779558566037e-02
2.611192919154647907e-01
9.970410651224126397e-02
4.920603375382537337e-02
5.240972114869977272e-01
8.640714969379967858e-01
-8.125973787471139076e-01
8.979985107905918973e-02
-4.110272319665764229e-02
7.493833471155524339e-01
9.310266214223690273e-01
6.777219812281702893e-01
1.104597894888625920e-01
-4.071309669936375997e-01
-1.843172059668694018e-01
7.179975079834102214e-01
-1.667759167658289243e-01
8.704509592284921382e-01
2.994144065948176614e-01
-3.658749908536853557e-01
1.450121027068878021e-01
9.586672435770648981e-02
3.122664829548047472e-01
6.940772667786256900e-01
-2.647517291466428002e-01
-9.789301347983319079e-01
-8.086474876843532389e-01
-4.363001910821371343e-01
6.633656311737481381e-01
6.655182990034451684e-01
-3.585854662989840236e-01
6.907263334257844889e-01
