7.789035468207818891e-01
-7.965516902694151913e-01
4.667290612833496777e-01
-3.850241539890459919e-01
-3.186560784649894451e-01
5.888654282844218990e-01
-6.567503870339665983e-01
-2.998556604756179578e-01
-2.880131170408790631e-01
3.721038094074688996e-01
6.895230003678869402e-01
-6.482656293145991899e-01
-5.336570287480035812e-01
7.911049691113170024e-01
-6.262533663597686928e-01
6.850219104485839594e-01
4.643620899106313260e-01
3.868118773430937463e-01
2.782552627483336760e-01
8.440105857375879150e-01
-6.736890982360630442e-01
7.906857354695810969e-01
6.552999418862119896e-01
7.835753681363049061e-01
9.622607219804424350e-01
-6.042156249426402503e-01
-1.275207491235237356e-01
-5.608928109711497356e-01
-9.173829960477903889e-01
1.109103947483878194e-01
9.071650102488570955e-01
-3.281599497479359417e-01
6.767620956775521890e-03
6.651891757101595637e-01
-2.382420438327541579e-01
2.329754495662765823e-01
-8.032124902340027628e-01
-8.368569982973961263e-01
-1.473414710743448097e-02
-8.928273422046377750e-01
-1.487218578467091046e-01
6.628923790078755651e-02
-1.584012114703359231e-02
-8.638641626989447264e-01
-8.771708169808138944e-01
6.618651806443556218e-01
3.990108078830045812e-02
-3.837303461256029724e-01
1.362859946059777894e-01
6.999556871458378904e-01
-7.283930326288474699e-01
2.477479245347218306e-01
-1.776223455863834566e-02
5.495352005979001753e-01
-6.518293671484214347e-01
-3.279533063115414038e-02
3.264743993752730056e-01
-7.281394569725838650e-01
4.619158760982673417e-01
2.425632806783202255e-01
4.338197355655988297e-01
7.614833688695796798e-01
9.188947953075232711e-01
-8.304184773870135761e-01
-8.543007904428567834e-02
6.904323134163670161e-01
8.369228083813784469e-01
2.758178102877066884e-01
-6.095199103911121963e-01
-7.896901016695609954e-01
-7.778107099683500003e-01
-6.547106861204787798e-02
2.051906442319906265e-01
-9.920552952009831227e-01
9.362128934606044339e-01
1.443752646428677622e-01
2.467150591430271600e-01
2.003107519473914522e-01
-9.177199960881441410e-01
4.146709694471404362e-01
8.299921121917019917e-02
-2.858258565680040775e-01
-1.452756849378127324e-01
-6.736878310350624677e-01
5.651211090094538925e-01
-5.163064685196350201e-01
2.816240208064457740e-02
-5.684070693850995504e-02
-4.525880101089945207e-01
-9.932711142746437627e-01
-1.543119246722213234e-02
9.789384280955966133e-01
-8.861185225346897010e-01
-9.034242279512445517e-01
4.117570546768547501e-01
5.201989252322716251e-01
4.311664156634134049e-01
5.111206417607483399e-01
-6.790546546006026585e-01
-8.230804642761628820e-01
-8.181004357695143003e-01
-5.511298593010975910e-01
9.524260699539914832e-01
1.970394114170630484e-01
6.165572698586057054e-01
-1.091292145986439976e-01
-7.089963704429558256e-01
-1.888200496837273423e-01
-8.720724340307350886e-02
3.080145905043358834e-01
-3.470021179537732259e-01
-1.592458287331082190e-01
4.563613404411270835e-01
9.204602923595799346e-01
-5.606610468421029392e-01
-3.849935534718313956e-01
1.956482326102060298e-02
8.185723706494225649e-01
2.188652747179713476e-01
-4.101714031941563476e-01
8.136257515188756173e-01
6.144794896596206257e-01
6.555995934060927510e-01
-5.369942738060586862e-01
2.128063359429130941e-01
2.910788200859792951e-02
5.415141548839021990e-01
3.608131145904069914e-01
4.786813098116009524e-01
-6.965105630073384901e-01
-1.062303797837271802e-02
4.521913624840501189e-01
-2.560450123621227370e-01
-3.185486794303569180e-01
2.780134340510624913e-01
-9.487488880438297301e-01
6.014446788848704095e-02
-1.224089184818346610e-01
7.451277845753756512e-01
-2.756952212190324492e-01
-8.939577787652057683e-01
9.583831394164943340e-02
4.044392833808989618e-01
3.151102023479610548e-01
1.540133360539650553e-01
-9.746172441780702744e-01
-3.891781015341497785e-01
-4.161225115596016710e-01
9.191148170921183969e-01
9.028822931383828632e-02
8.476791847848845762e-01
-7.441345025548276038e-01
1.608627221041707411e-01
-8.833055333958388378e-01
6.409354459955312056e-01
7.057158114374155744e-01
-6.695246027074317485e-01
1.951644965414942590e-01
2.999942167134028725e-01
-9.114801721518626110e-01
-3.495238053729421424e-01
-9.430174993163564778e-03
-2.024287160907423111e-01
-6.760129824729022019e-01
-2.363740041180428797e-02
7.519320296176414953e-01
9.007834466432118603e-01
6.633378198549142457e-01
-6.809714938656274974e-01
-1.279474811379710530e-01
-8.380694346951591545e-01
-1.534808795699424966e-01
-4.226162540996991623e-02
4.337612605959599854e-01
-1.405832006026719316e-01
3.529572851293110158e-01
2.989766241856526285e-01
8.713400911200035459e-01
5.768297467987080207e-01
-9.871847223733987153e-01
4.706956999406730624e-01
7.002967150257977114e-01
-5.163380486358790655e-01
2.483132814217574591e-01
-1.251353148131573167e-01
-5.773097636842292602e-01
-1.894254064062637077e-01
3.369600382132378336e-01
-5.996274120586253531e-02
3.129835766831909893e-01
2.410949259247567866e-01
8.239531392301941981e-01
6.198901766072557606e-01
-5.744287377962273844e-01
7.776764570986134384e-01
-4.154428781493770817e-01
7.638212283501015776e-01
-7.098938343629621617e-01
3.404594509361600352e-01
-3.333592397233657856e-01
7.827457951316334483e-01
2.663449271616122882e-01
4.431725386393445820e-01
-4.676672713150225036e-01
2.880853187328158427e-01
1.346415042656454730e-01
-3.001251925796750708e-01
-7.886837096729439889e-01
-8.488559602803440463e-01
6.789852133913751864e-01
5.973852559932066875e-01
4.061388295334804610e-01
3.402616573212922102e-01
1.184183685256590124e-01
6.160431475861485318e-01
-9.254083616455632821e-02
-9.483277298293293356e-01
6.274075803674188379e-01
-3.893839718331666422e-01
5.100301987703057538e-01
3.693531930870885827e-01
6.577626971349881391e-01
-9.339395326085402349e-01
4.378354748268553642e-02
-6.269194580057955157e-01
-7.877004214698830609e-01
8.579025530332233807e-01
4.460830804701898522e-02
8.382162646946853535e-01
-9.260295531126838675e-02
7.444626433931664788e-01
-4.079496180745041389e-01
4.419113883535903398e-01
9.548576137849826839e-01
-9.876518714719084713e-02
-9.355391285796017531e-01
6.189844803250099670e-01
7.575615835470446147e-01
1.652681307518795162e-01
-5.021104547981645183e-01
6.161154201775658201e-01
7.773105115023339895e-01
4.115286354376272993e-01
-3.536594196232847320e-01
6.619721183994915492e-01
-4.613863463611698190e-01
1.671833450140391975e-01
1.623256812644013891e-01
-1.391897010856817385e-01
-1.368893735796881117e-01
2.223067439991215366e-01
-1.619229318649135774e-01
7.914466465014848851e-01
9.897526776159635276e-01
6.134180980261738636e-01
5.470487705128279643e-02
-5.413388237597407393e-01
-7.373149997806736078e-01
3.841534360834950590e-01
-3.927826091016688448e-01
3.513563433212889553e-01
-3.198264905719143680e-01
6.668035988870637532e-01
2.967537118630376725e-01
-1.505568492563003069e-02
