-2.690295058484730717e-01
-4.662759220326047060e-01
-6.312207395266478116e-02
-5.571268625838130539e-01
-1.777597263551429219e-01
-9.485856172712026080e-03
-4.318829831203141456e-01
-1.773920977570722091e-01
-3.214177049413415865e-01
-4.093995911598107273e-01
-7.455393489707964338e-01
-3.619165381230153855e-01
-4.120586253775555541e-01
8.082589503908734763e-01
4.173292246398976335e-01
-5.590673085390007735e-01
7.452784012988289408e-01
-7.918743835276729204e-01
8.317414007458872049e-01
-6.773268983390989817e-01
4.260967207133272705e-01
7.901791107268911762e-01
3.209639829692170210e-01
9.380680541462109723e-01
-8.131680477063913948e-01
7.471141135510208642e-01
2.911174788855446227e-01
-5.358079972211742259e-01
3.091270909776679954e-01
-7.152143677665667720e-01
-1.895569682026343461e-01
-3.477703282133104423e-01
-4.569888495381677629e-01
-9.061302662392745066e-01
7.547153188144750668e-01
-4.570456320266089723e-01
2.448030554539644132e-01
8.822931212369820031e-01
6.330398266106374017e-01
-9.281133795259437491e-01
2.780641216145678385e-01
7.018595422328244293e-01
2.112239080967239779e-01
7.726265769476892142e-01
9.672588978194831544e-01
6.865668306730072779e-01
-6.302924740818369731e-01
-1.398167434225296990e-01
-9.548641322649693564e-01
7.967706356624713049e-01
-2.215442305479262686e-01
-7.068699155444697624e-01
7.526985839629478647e-01
8.121525881260447388e-01
-9.604831937987610146e-01
-8.114019445205948866e-01
4.726801902345381112e-01
8.937217985031353784e-01
7.895020581456360098e-01
-7.632994765930656289e-01
-8.302834793474531683e-01
-2.752499655110072219e-01
-8.582219414123020140e-01
2.624031727053257601e-01
1.859902212569166657e-01
-1.225150192094393020e-01
-2.431756599397154606e-01
1.760369839481128462e-01
-2.153339870168768933e-01
9.656480578857222774e-01
3.823183912739009926e-01
9.858834218066614419e-01
9.737070127244491502e-01
-7.782316704210674452e-01
5.610531403212033474e-01
-9.534047869661472774e-01
7.065813071702831127e-01
-7.522220089618982808e-01
5.973128094826898327e-01
-3.656348774619941899e-01
-2.095891498500477290e-01
2.858138447644480440e-01
5.061118066774312751e-01
-3.640046246744592651e-01
-6.477619594075565423e-01
-9.844552482221238243e-01
-7.305371074894362327e-01
9.623717626257843882e-02
7.347217923052391519e-01
8.326521141294944695e-01
-6.569603569048336755e-01
-7.781059891227233294e-01
-5.523490834742106337e-01
8.829913015847463686e-01
3.285396235176749613e-01
1.432050714725383589e-01
1.899294817946928227e-01
-7.255708044063022832e-01
1.324243358524372915e-01
2.882062257407849160e-01
6.384420826297514395e-01
-1.270300246532323207e-01
-4.733533010499779703e-01
9.814056253594978241e-01
-7.585324457102613493e-01
-1.394338401182151355e-01
-7.162741605277789247e-01
8.509783825899994714e-01
-7.832038267520893271e-01
6.005928923946184383e-01
1.044251786579393215e-01
-4.331046053690918995e-01
1.276080693059176152e-01
-2.115088929040382926e-01
5.157071205870167319e-02
3.765170563250426206e-01
-6.275321497030212914e-01
-1.673343357412995225e-01
-2.738565806357293742e-01
-6.105690093306563870e-01
7.048801962665371956e-01
2.828492918377132348e-01
2.290908312587265350e-01
-8.476846526609582710e-01
-4.497215926421516130e-02
1.495449159016291052e-01
3.845083894895224841e-01
-1.803086762347347882e-01
9.940813073987604387e-01
-7.681616901942278641e-01
-2.100277116090627505e-01
-5.698966314744433603e-01
4.746386521193770580e-01
-2.271141646439356343e-02
2.747739522456900119e-01
-6.669325998357833463e-02
-9.311884238581382700e-01
3.616267122026406433e-01
1.704329619109601346e-02
-6.976527948471409335e-01
1.802198918270010441e-01
4.339997114442153414e-01
-3.356465429358190811e-02
9.318705250153382913e-01
6.124239526434143155e-01
1.190123398850406744e-02
-6.077174743492212983e-01
-5.184117189369976675e-01
-5.817312252010384821e-01
-3.485561920012125725e-01
-2.357690640284706429e-01
6.094080429007615596e-01
-5.277966569296463906e-01
3.767539958798964417e-01
6.528565290528383080e-01
4.114336653342076655e-01
9.768780402715111499e-01
9.068891370496361404e-01
-1.046838302258408238e-01
-7.671998683175389466e-01
-6.568051125054081840e-01
-2.185624868139939281e-01
-2.384663796912573908e-01
-5.302612965612045759e-01
-7.778123044835789646e-01
6.316451176504302989e-01
-9.560583670233557818e-01
-5.334362427397421058e-01
-8.031740035121113230e-01
-2.732716719737069422e-01
-8.042259405852063558e-01
5.414841610299705454e-01
-1.946447678169618278e-01
7.879159384846554648e-01
7.658453972766994244e-01
-4.099480906882548847e-01
4.348414059557363931e-01
8.639821302170938022e-01
8.379936865196540019e-01
3.703868194528774360e-01
9.602667397230102431e-01
-8.466688786732272654e-01
8.530860213838062922e-01
4.618519881646636627e-01
9.882612037140208194e-01
-8.355848235886473852e-01
1.426491858558767145e-01
1.525606500410565669e-01
5.630000656277598381e-01
3.581917708326765037e-01
-6.824672878608035731e-01
-6.585241237801360281e-01
3.568027476520481134e-01
-9.299657701705250634e-01
8.375180879154180413e-01
-6.722866525981094910e-01
1.472583808674989836e-01
1.100368428746343330e-01
-8.586233151024540433e-01
-6.485906587759573405e-01
-3.399797187451647495e-01
-9.049624797685791311e-01
2.616425238308035528e-01
4.287385849518927650e-01
-1.862831345586573040e-01
-1.650000369330832939e-01
-7.878389464931265795e-01
-7.114043902871218794e-01
9.320406360537747403e-02
5.797222570555349286e-02
7.186024603038974057e-01
5.995140353546570822e-01
5.970081604293486777e-01
-3.793401890034266977e-01
8.367792329274745811e-01
-5.262711955711463219e-02
3.327584734436976888e-01
7.785550902416011887e-01
9.976100047063460874e-01
-4.508407605192279455e-01
-6.521508522417427400e-01
-2.530215005979301601e-01
4.825146622351184078e-02
-1.168772080446767170e-01
-5.995960994768045893e-02
-6.357993706917397514e-01
-3.606361872979206851e-01
-3.163865080118855033e-01
4.537690120983757236e-01
-3.394577357739312351e-01
-3.859642258351450028e-01
-3.090800424672444091e-01
-7.573958563753959705e-01
-1.043082919286839605e-01
-9.971991113325733291e-01
-6.358258727349106465e-01
4.772667666725514124e-01
1.481569424405491109e-01
1.263204460954554520e-01
4.471817367375456875e-01
-2.978190039598791472e-01
3.107376574844313843e-01
-9.160579537468285238e-01
-7.999787359815258014e-01
-5.593433142853407869e-01
-4.135798006496078649e-01
-9.517017772106606266e-01
-2.572200819153467322e-01
9.440357406592945200e-01
-8.708450398021074790e-01
5.802739814372737115e-03
7.397688922230694075e-03
6.132676821578821880e-01
1.058336668700046168e-01
-8.026649156878762348e-01
3.163066337176889675e-01
-4.491538166777055974e-01
4.410310737706526485e-01
-6.216395241994556731e-01
1.538594406450344287e-01
4.182901170125910006e-01
-4.523975600222582827e-01
-6.559664532861764208e-01
1.989308795355733128e-01
2.992130529899903468e-01
