-9.140465145953853288e-01
9.203259116430275721e-01
4.227796329635509220e-01
7.376731135558283192e-01
-1.197017176341352851e-03
-9.976156042138331070e-01
-3.959336549251195603e-01
7.650467230199735624e-01
9.290505574472751604e-01
-8.170607095384296858e-01
7.227560633198886197e-01
-9.359675487264873528e-01
5.984713883162120496e-01
-2.892206821876106559e-01
-3.880481356505738333e-01
-3.078203648107011858e-01
-9.258108469990309342e-01
-1.730532202355981042e-01
5.986021726172618962e-02
4.608844508150855557e-01
-5.476013901457472688e-01
9.168556626632846651e-01
1.758191310473005142e-01
-7.364006205904318758e-01
-9.886723589438044524e-01
-9.550262014923704967e-03
-8.519282308793529879e-02
-5.677853656962885687e-01
8.319956186754180472e-01
-4.210661920363385491e-01
-5.809071271827774829e-01
4.912198316445073321e-01
-7.398773262907163417e-01
5.664290045002913221e-01
4.423125589053591433e-01
-6.795869226531563445e-01
3.247321004578118675e-02
9.242555587022405206e-01
9.970556369913667893e-01
4.446864473776015458e-01
4.010265350216142277e-01
8.575211048023649862e-01
-3.937417555174487216e-01
-2.702966831251074620e-01
-4.850586781110943768e-01
6.079974167534576424e-01
4.663111327989499788e-01
2.528584937631743745e-01
-1.531297726125324665e-02
-1.084393890057198107e-01
-1.685538535922577186e-01
4.678531072102041222e-01
-1.693191345470763665e-01
7.293924044617403624e-01
-8.198128158632163043e-01
-8.706098830181949744e-01
-8.926976229593339696e-01
-4.351277519451843823e-01
-3.305601503600239521e-01
-6.097926883497706285e-02
-9.648485423051025300e-01
-5.922375792008045536e-01
5.807829217580007253e-01
6.468480814992516592e-01
-3.673618124030697540e-01
-8.389105860068821752e-01
-8.732852747521335779e-01
-6.268877927481453227e-02
4.448509187876914517e-02
4.068488533504395210e-01
-2.267406015297421806e-01
-4.249785518932491790e-01
6.842682752266999735e-01
-1.215306137781260176e-01
-7.502352157357001783e-01
-4.188776638937252716e-01
-8.000541389376150114e-01
9.263020071073966299e-01
6.408154770736627093e-01
9.012030253667819846e-01
-7.907416722887157245e-01
6.717766388928223531e-01
-6.526413299843158988e-02
8.293279094149446085e-01
4.496467963617114538e-01
-8.301462272613329141e-01
6.054167937582821679e-01
-3.130128522989799045e-01
7.269036240621380429e-01
-3.735365470234288665e-01
3.741470450462585084e-01
-2.945274017035437453e-02
-2.475074846960967356e-01
5.205713316685149916e-01
9.971481241389001937e-01
7.831705318406478877e-01
1.493824282603077869e-01
8.308063433248953356e-01
7.891483463525601483e-01
-4.188591203781770744e-01
8.674669461232209500e-01
3.291585054307242242e-01
-5.967257515276807034e-01
-9.452799061383165835e-02
4.349926253097826656e-01
5.123878510240920114e-01
-1.336545969898828012e-01
-8.305110384779879062e-02
-1.425327943298080324e-01
9.233484488909429189e-01
8.034835653919627507e-01
2.970683480223816897e-01
5.659875707583548188e-01
4.085096642550689605e-01
-7.381245951762716029e-01
-5.008506165382988762e-01
-5.300510168662855293e-01
-7.498156633971033713e-01
3.677055395730735032e-01
-2.108634735375674030e-01
9.386830313551266514e-01
1.709221136800305185e-01
6.149923752870072313e-01
4.419481895329255838e-01
-2.286430103244319056e-01
9.131570311563428355e-01
-2.769322707988239873e-01
1.096049529888354357e-01
-8.227061203137766565e-01
7.511138566538222427e-01
-8.088246600521322716e-01
-3.728904440792657482e-03
-6.271176734232621897e-01
-1.294643834338247146e-01
5.257416510860077885e-01
-6.680144172738013975e-01
-2.921507295632077561e-01
-5.580188000229968637e-01
3.458729228218038187e-01
-3.153765116414770642e-01
6.009518431646239112e-01
-2.518388520238608042e-01
2.053515164850296948e-01
5.363904371269549998e-01
5.369796049222761436e-01
-4.123328657282616660e-01
8.788870044557328676e-02
7.390932817893336448e-01
-3.761452714109543294e-01
-7.621387956299208177e-01
-4.644714953942510327e-01
3.590809679229625129e-01
-4.799860317745041627e-01
9.033913095383589997e-01
3.136392371297389570e-01
-1.818884099822211109e-01
9.690626023390813693e-01
-9.355481144163959595e-01
7.333261734527851683e-01
3.846184853231058298e-01
-2.657681411823293871e-01
-6.632121139414268729e-01
1.504929888853290265e-01
-2.955938611371520253e-01
-2.461446858898725942e-01
-8.051318156231292988e-01
2.763651895215324394e-01
3.341583801694292255e-02
-8.235839976340526558e-01
9.012270686304586498e-01
-7.077407033925551261e-01
5.751825739509215385e-01
4.848691407551797283e-01
8.963975773740486819e-01
7.215564165058485635e-01
4.389749445768709180e-02
-4.932772830984006873e-01
7.146658752702044204e-01
-8.642877519940412867e-01
4.097067828315652527e-01
-7.798344863367059343e-01
6.627343327710388809e-01
1.311051107050964504e-01
8.337495852345799818e-02
-3.401034626692116536e-01
-4.413039368196285395e-01
4.838662967251217140e-01
-8.591255701177857862e-01
5.713602193891329506e-01
-2.863860074654547283e-01
4.837281613892168153e-01
-8.190770056510765507e-02
-2.925613786043894660e-01
-6.129097652880950431e-01
-1.953091498954633298e-01
6.486168569337453782e-01
-1.095585322578245258e-01
-1.466391301753435794e-01
-6.588907724344066352e-01
9.606499158169745645e-01
3.782982849056557573e-01
6.237419359838731747e-01
5.799683049554051895e-01
2.037598778115579101e-02
2.449659345266115285e-01
-5.620086768932512911e-01
-1.038173531062565047e-01
-1.625557362471208300e-01
8.754364866051500549e-02
9.303731293770869382e-01
-9.619494927725471545e-01
9.667008853432375037e-01
2.356286868053758532e-01
7.761122613088480282e-01
-9.362641646910296878e-02
7.111243670845632803e-01
4.380359513038134534e-01
4.989073686913390038e-01
-5.149260551948247056e-01
7.303336483415696634e-01
9.360272297441039058e-01
-8.091125834871024658e-01
1.494558474711187301e-01
3.775076057526505213e-01
5.782776419012436442e-02
-3.000292387487033530e-01
9.435258060937070645e-01
7.553131823484082741e-01
-4.063933245146007511e-01
6.600146312970962548e-01
6.801659007458855655e-01
-7.931060290285592007e-01
5.783243781980214049e-01
2.185512973685117544e-01
-1.539303207652717997e-01
4.046858683943721502e-03
-6.257648768386461224e-01
-7.247674123155871673e-01
6.524000400095932850e-01
-5.660756243500482121e-01
-9.766954891044623555e-01
2.793201877580901993e-01
-9.884503913752920035e-01
7.592250244602700704e-01
-7.312950738066312795e-01
-6.412170851888294720e-01
8.721037805260092313e-01
-4.835078603803588670e-01
-2.862389151722248837e-01
-3.418151234750235190e-01
-7.428227316915023692e-01
3.275311749610030354e-01
-6.212926204845521383e-01
-4.106654780949983152e-01
6.052588238678411336e-01
-4.800931350480162063e-01
-7.525241514539873222e-01
-2.793033528176835922e-02
7.650578940534937811e-01
-8.573961270975662963e-01
-9.790052143554144326e-01
-4.831123125534293461e-01
-9.801711271107014234e-01
-3.454455868493750970e-01
8.890668280130586965e-02