5.708719904796961675e-01
2.378315740139516077e-01
-9.166354086834733739e-01
-3.035916088448948891e-01
1.166199997780015263e-01
-9.353153852362701137e-01
5.333748106928153376e-01
5.742752388215137671e-01
-5.671926281433619099e-01
9.609854167937070812e-01
7.512088909678649173e-02
-1.588039824585139037e-01
-4.685309295074009395e-01
-1.828231636056729670e-01
7.062840182070280193e-01
5.070174209932940546e-01
-3.483911177369836132e-02
-8.313434604703542341e-01
2.552445139801449159e-01
-3.504349801537507414e-01
-2.141709868689107843e-01
-7.771458646776119306e-01
2.705442902463592869e-01
-9.665480485061677118e-01
-9.089637294526209388e-02
-2.877386963533081765e-01
-6.060515725443493817e-01
6.706101361201235456e-01
-4.419049881654759648e-01
-1.874917567685883135e-01
2.327880255051337777e-01
1.614859012094975732e-01
-4.725988718926250609e-01
-5.171605149595477346e-01
9.747385438327331730e-01
8.814692395076331177e-01
-2.744870827067240615e-01
-6.014483711865614701e-01
8.507339291658504443e-01
-9.446193342127640058e-01
-3.058623228600234611e-01
1.004246002971616036e-01
5.784674835427172646e-02
2.855456441908297283e-01
-5.568286599834524342e-01
-5.094236697801708402e-01
2.137595918259584948e-01
-2.509292216896685801e-02
-9.277735948754073370e-01
1.421153423871024390e-01
5.048489260520931943e-01
-1.820661212506831106e-01
6.267221353888139390e-01
-7.994071254712853403e-02
4.102271563088004669e-01
-8.355156321629242377e-02
5.403572344203446676e-01
-6.442692368574767237e-01
-2.107810745101827976e-01
-3.065121320042454300e-01
-4.454907918484363183e-01
-7.030836468561278974e-01
6.884617567428454876e-01
-7.361565754045051868e-02
-1.126845719365714427e-01
-2.780498903993386950e-01
4.543377751538824061e-01
-9.254690006696388860e-01
3.173088118317650697e-01
8.232912422938050145e-01
-6.975118159952520269e-01
7.545630063763251183e-01
9.971469256727027997e-02
7.754518020508258669e-01
-4.162393677952545001e-01
-8.439108671682116203e-01
-3.881078044079406819e-01
-9.849251823988358634e-01
6.991038528527926399e-01
5.045252023329709345e-01
5.523787380641942413e-02
4.373463667821357870e-01
-9.747719080962473637e-01
-5.725476231017039286e-01
6.049688704111999549e-02
-9.160471033959227682e-03
3.426004495703180996e-01
-5.756294262170580378e-01
7.979201749129953836e-01
-2.193041318622008795e-01
-9.079521116043360873e-01
-8.024407954445778035e-01
3.633441723980581628e-01
-9.772511909641736771e-01
-8.475536392752380799e-02
-5.659414440013699199e-01
3.028775863836890014e-01
-9.081345918709262666e-01
4.462969489912529397e-01
4.470935060127070315e-01
3.144815861390946043e-01
-2.723293257014880453e-01
-9.424896436684202516e-01
-6.679768550422289231e-01
1.156230714456998321e-01
1.104763870177709606e-01
6.601081271941497963e-01
-2.222801186732636936e-01
-4.913575381113584051e-01
-3.404733459237954118e-01
2.547098684650823675e-01
5.246173835073342229e-01
-7.601536446094399047e-01
-7.568353320885969904e-01
2.270578382450469945e-01
-4.339073151005499174e-01
-1.513261673232220161e-01
3.080310356816415851e-01
6.268662507744797718e-01
-4.693986170789823387e-01
4.534300700822488928e-01
1.486059650947195721e-01
-9.090480669970473215e-01
7.132293511670040331e-01
7.044487895364246466e-01
-4.846982047297134777e-01
-1.426216471132346619e-02
7.155807790554939984e-01
4.214160309829138029e-01
-7.245642532910323563e-01
-1.553774899167832402e-01
2.440772848087113811e-01
8.252620673917654415e-01
-9.196849469694619028e-01
-9.359905922322624416e-01
1.786859612270437214e-01
-9.134644093929313868e-01
1.903369165610544478e-01
-1.269361046559807082e-01
-6.963453501340168827e-01
9.407231373997837487e-01
2.023083825127325319e-01
7.401529589682085408e-01
2.338730042831278499e-01
-4.933041317868631648e-01
-3.070459574951600601e-02
-6.549800275257229298e-01
-8.213614209477237971e-02
6.623639523487390157e-02
4.349144307908128226e-01
-2.103816327499634653e-01
-1.399379952339974142e-01
3.513421445946753874e-01
-3.289714512285406567e-01
4.917764354669134086e-01
-5.118713413576490012e-01
3.131800187844095973e-01
1.876909317917907494e-01
6.504175792677351353e-01
-7.258551846624687887e-01
-7.884949624303478899e-01
-3.469159710759717186e-01
-8.947442298609940003e-01
-5.412834205941787769e-01
-9.175555351958124550e-01
9.749024139308637427e-01
-1.640986058103113265e-01
1.956316548625365304e-01
4.739114758740119449e-01
-3.399938422721924258e-01
-6.902836027812051523e-01
2.592452069485062793e-01
-6.001706100112025322e-01
4.627821972447969667e-01
8.405718199185008288e-03
-6.466651361476232207e-01
9.044188824858443443e-01
3.954925439444050284e-01
3.537694169626992569e-01
-7.653331419751576714e-01
2.181237967042197745e-01
6.521389588842736451e-01
-3.662689916492765096e-01
-9.146567897582174034e-01
-3.188763600701294276e-01
-4.549907812968607690e-01
1.389275641289957619e-01
-5.245500761037238391e-01
-9.321073176928587056e-01
-7.888872011147760599e-01
-3.740024979683405082e-01
2.867675427964084811e-01
-8.656721707008612210e-01
-5.095436477719805790e-01
9.928387751143965545e-01
2.676375008029701075e-01
-1.112811738612196066e-01
8.185891815422761120e-01
2.563128768807434454e-01
-9.391450408351311729e-01
2.057821084256727939e-01
8.167031507077342489e-01
9.979483653558507417e-01
1.706811845409044182e-01
1.351718958307284169e-01
2.407999982118960158e-01
-1.415326941217323053e-01
2.270054156343341845e-01
8.980236737922278056e-01
-2.328742560758212399e-02
-9.128766906180665330e-01
-7.570399320542513522e-01
5.572287043228589809e-01
2.679798144758755996e-01
3.282914864555241952e-01
6.786206042728821775e-01
-8.598452309268922455e-01
-6.867818435227672769e-01
6.225582844811232697e-01
-1.508902181036835266e-01
3.859677386030075930e-01
-1.832530160961423071e-01
3.836314156662179453e-01
-9.355165092749513356e-01
2.239104578777153520e-01
-7.468744175003447783e-01
-3.167410294374324309e-01
1.461831358484908527e-01
-2.989650157120100626e-01
9.808148800600484662e-01
-9.322138642436474942e-01
1.454320575382372915e-01
6.438232380000294963e-01
-6.023683400789729969e-01
5.663293722501998584e-01
-3.690144860617086131e-01
-7.096240476244028983e-01
-8.465733367127254994e-01
9.267100000175290120e-01
-2.853408480114798529e-01
4.372538090386191012e-01
6.073790822043168003e-01
-5.494585746669611304e-02
-3.330733528185030323e-01
4.385664421404940061e-01
-4.241246641392815153e-01
-7.797599234333751905e-01
5.833159558592539984e-01
6.938145110931690507e-01
-2.920029695966224192e-01
-5.979251596409365099e-01
-5.655083264487335004e-01
-6.846866536623785748e-02
8.556595193434946012e-01
5.286073101776593841e-01
2.677309427797425201e-03
2.941608629872138891e-03
-6.808752378241986758e-01
4.664208003391154822e-01
-8.512163729670372270e-01
-3.730694931087767952e-01
-8.534467867419768261e-01
7.412933527279246260e-01
7.458793455652745763e-01
5.713597870909072896e-01