-9.312078377456955991e-02
4.004425905172976918e-01
5.735051008089107061e-01
-2.993802829728431369e-02
-1.420228433077164176e-02
4.074308930165866371e-01
-7.864411963980693088e-01
8.789405035510418074e-01
-4.849792319636261340e-01
-7.847661175051130478e-01
-4.642333954580724065e-01
4.527379755378850845e-01
5.578120329173912317e-01
5.087853302749507645e-01
9.461986687630241644e-01
-7.633074004678164215e-01
7.347609567410955389e-01
-4.159989243098642930e-01
4.648712293688070929e-01
6.435682212741316022e-01
6.380909011597364344e-01
-2.575572753839237006e-01
5.831825763590821055e-01
5.012678794491727263e-01
-4.157813777637824337e-01
-6.508035581631148592e-01
-8.053982477965480058e-01
-5.954885641070353230e-01
8.972465456707872100e-01
7.043434715216547737e-01
-3.098713397417944826e-01
-8.491828348177590247e-01
-3.681583847438301138e-01
3.512523843147614677e-01
9.607645012509626881e-01
9.587770218492175367e-02
-5.140457083725789023e-01
7.098254932855532218e-01
-8.176941847220058346e-01
2.627167235621317154e-01
2.842080649121625502e-01
-8.094464103737699645e-01
2.237906523028221351e-01
-4.770711884017642124e-01
9.107351037272446437e-01
2.237382736362685254e-01
-6.925924074275922049e-01
8.422039465126391899e-01
9.019001014598913013e-01
-3.137548999775807701e-01
-5.255616171117614144e-01
7.955449915678018957e-01
9.353132295325743417e-01
-4.743106951318487585e-01
-8.804061562567724319e-01
-2.412162116955305358e-01
-5.209212723852303384e-01
-5.530213258539156129e-01
-4.740197464309745534e-01
-4.093787566154971636e-02
-1.854740532465637415e-02
5.114804041346339147e-01
7.329471368111546425e-01
6.561540320209573451e-01
4.622638675567973809e-01
4.432264870478175300e-01
7.475586270825260726e-01
3.811124787224533517e-01
8.075099291105780619e-01
-1.493278882964810261e-01
3.859976856649374177e-01
9.987845546604368074e-01
-1.142445635784095082e-02
1.237991455382898565e-01
2.224355481352253694e-01
-5.138323112009572924e-01
-2.205826209951091688e-01
-4.955091841546697129e-01
8.902339547870070646e-01
9.619458627593922007e-01
-7.715252126379170683e-01
-7.703401487118062274e-01
5.046728962369582128e-01
3.417222264559660605e-01
-4.432803561620655142e-01
9.439823026278868490e-01
4.762390654395918244e-01
8.059392944164689432e-01
-2.829685578150664682e-02
7.404871055207891128e-01
8.672532775089296653e-01
2.462602466785428490e-01
-3.427190897030496508e-02
9.978950749544590604e-01
-2.173818396666438169e-01
-9.245192298127529185e-01
3.636444154096103443e-01
4.610475096531991834e-01
-3.248622800155995805e-01
4.222903462501863547e-01
4.948456105690215434e-01
-4.310086112276751980e-01
-4.261100369977002256e-01
-1.266377220627747935e-01
4.346148174208614989e-01
9.128288387988847674e-03
9.277251216823028113e-01
7.060021167150831722e-02
6.240342659046422824e-01
-4.453092027566474265e-01
4.227274184990466033e-01
-6.041148211713229799e-01
-5.725997554756074859e-01
5.485888968008152400e-01
4.681663923283219120e-02
-5.942604346284101613e-01
8.348052210891740987e-01
-8.427619412541145216e-01
-4.295642066341980314e-01
-1.767867664133817573e-01
-6.694069458024354269e-02
-7.431080259628362050e-01
3.286615821978691176e-01
6.678973810569475145e-01
-8.083818594993303908e-01
8.832910096205739414e-01
-4.755881578510059438e-01
-7.351218791747726744e-01
-4.023512339500849855e-01
-8.644648753976034161e-01
3.808179556174915437e-01
-7.147118374130290164e-03
6.888366714365607990e-01
-7.948096003940143817e-01
-5.172397898409033523e-01
-8.369857014563228947e-01
-9.802437538035029263e-01
9.037766461085241509e-01
-8.473679497546571238e-01
-2.514811845412749935e-01
-5.852827803032110143e-01
-6.411689829055078338e-01
7.630631307139883468e-01
-9.511315073063271175e-01
-4.474297004145484369e-01
-9.179551260093119502e-01
7.893988416613331172e-01
1.089489283029707600e-01
8.036023090189921003e-01
-6.291553168616517144e-01
9.220636831088220298e-01
-4.310532187624718237e-01
5.475427263883110296e-01
-9.963171580688037210e-01
7.828181112863008551e-01
8.767192205289473517e-01
3.109468043709653351e-01
-4.224870980377803953e-02
-6.363446120241886828e-01
-1.056647977718780940e-01
3.592245673292084884e-01
-5.622924102152193626e-02
-9.468729903631123435e-01
2.552982661250560170e-01
-3.082471252744471979e-01
8.342119891099846196e-01
-7.032913304112473618e-01
-8.413557945028853347e-01
-4.900806934781609669e-01
5.259637319553438495e-01
-1.801859262111826787e-02
-4.422831974554330969e-02
6.006733451141461622e-01
2.409603018060011426e-01
-7.263178663966884940e-02
5.170936961611616312e-01
-8.616905874504166007e-02
-5.955065790478006882e-01
-5.828246271342443219e-01
9.180916464724597770e-01
9.901864311405694785e-01
5.931816858942315918e-01
5.784574002097442325e-01
6.737343158968189805e-01
4.095968677981940420e-01
-1.158072045973179698e-03
-4.893557838033770757e-01
3.098203490266386861e-01
-1.163622144199065733e-01
6.919691710270048368e-01
5.930322004768464605e-01
-6.525759059840208209e-03
-8.410284464602197918e-01
8.998749945212169976e-01
-7.722736570377966014e-01
-1.754073664641742081e-01
-6.796131734888288811e-02
5.520962498431760679e-01
-1.923967499488474786e-01
6.792924789207592795e-01
3.561417551243388768e-01
7.955536590084566484e-02
3.469885055188839384e-01
-4.376340731536816353e-01
8.244785768204594412e-01
-9.458048930928741882e-02
4.086648126249012858e-01
-9.128824401593043092e-01
7.155179593038045738e-01
6.491942864964646009e-01
-4.719628659006169791e-01
-8.452598705298213222e-01
6.364843876835526437e-01
7.987202260096650797e-01
-4.692960007043658344e-01
-6.497116173825037144e-01
-3.787823482276240217e-01
-7.974887450983780823e-01
3.796888922075980499e-01
-2.405691267727403382e-01
3.070013132008209134e-01
9.638188125240310100e-01
-6.938017090409980270e-01
3.980821442288777767e-01
9.108013831678298811e-01
-9.316544520005407559e-01
1.029444755175514814e-01
6.748099622334069458e-01
1.220439678921780846e-01
-9.936895846096638341e-01
9.582602713278314255e-01
6.095420075850914721e-01
6.922396812437299207e-01
9.846683409115803975e-01
5.413430553910001386e-01
5.051257255124064205e-01
6.043206127337346079e-01
1.484000528170867916e-01
3.385520843699008076e-02
3.867464615705420439e-01
1.006808139054402584e-01
-6.452221458443925250e-01
-9.527743655804754574e-01
-2.898636813961428249e-01
9.367890428108660572e-02
2.101286733229197345e-01
8.002156430272695520e-01
2.203704769615626446e-01
-4.756426346080477874e-01
8.407100424597317989e-01
8.880578859162215899e-01
-7.570835791119392422e-01
-1.566124111369815441e-01
-5.911429517757069707e-01
-5.838467672880387482e-01
-3.174771440977495196e-01
-3.607465732706487405e-01
3.371453225020559774e-01
7.913918983322958400e-01
1.289455925232754208e-01
-2.792214124913623419e-01
1.903872267559494347e-01
-8.904339298829018201e-01
-1.825420254069587411e-01
-6.455246762345858702e-01