-7.799214677033647902e-01
4.563372252602815315e-02
1.342822440115123417e-01
-6.460114120955118278e-01
2.194412536866334751e-01
6.320313237679411333e-01
-3.971706269499819530e-01
-3.731699604320217745e-01
-8.114994686474963359e-02
-7.263341666851472755e-01
-8.163862262825194449e-02
1.414002725920866510e-01
7.149943780162009155e-01
-7.408594565807442578e-01
-4.695361139533948958e-03
-1.385784680370683031e-01
7.569989108685524215e-01
9.509371997248434738e-01
7.422920263442911448e-01
6.994826603849615410e-01
3.513962106338550662e-01
-3.142301445974327034e-01
1.059315849026551959e-01
5.249879493234106409e-01
-8.543592379503361922e-01
-3.383281323924247630e-01
-6.747243328983223432e-01
-8.160457443680324552e-02
1.446021152160668066e-01
-2.462332841687173701e-01
8.663324573046282673e-01
1.365450866832056409e-01
-7.822816932967846526e-01
1.792665150844430233e-01
5.486745198592515305e-01
-3.915993841469771475e-01
-2.645346666196770613e-01
4.655253653472455344e-01
4.412972572587257059e-01
-8.018912613577968695e-01
-4.873567964425062904e-01
-9.684667518595897473e-01
5.269603750107094697e-01
1.258336217936244505e-01
2.333375008838345366e-02
4.724904071969593389e-01
-9.691173007825046870e-01
4.578674180667154925e-01
9.060750033705629036e-01
-4.026849045804743454e-01
-5.400688952947190202e-01
-1.897010416039994762e-01
-3.044764526755194822e-02
-3.699225097598581868e-01
9.495733921990188175e-01
-7.650002679356244784e-01
3.835887904742094623e-01
-7.064677233569083281e-01
5.855111252672204891e-01
5.736203181692154374e-01
5.889904572997450849e-02
-8.392344198634025254e-01
-9.064575562309489243e-01
-4.732018631267265185e-02
-3.483993629270984993e-01
-4.951707900012425334e-01
2.003856894430700031e-01
5.573803734220097450e-01
-9.645648532267032671e-01
7.193684902330115261e-01
6.642266457306011951e-02
-3.301444051859603324e-01
7.889092101563799364e-01
-4.570538159413046753e-01
2.121868701908455890e-01
8.361163229698176380e-02
6.337905262223435532e-01
5.794050618989003976e-01
5.719384491523973324e-01
-9.354399678732665535e-01
-5.775779760880834779e-01
-5.365641540718857350e-02
9.073482951472120472e-01
9.066092185989911290e-01
4.856344251547295432e-01
9.146114616827905053e-02
-6.566429367196926492e-01
3.156299952621512972e-01
-5.438892046636925048e-01
2.434549710435351955e-01
9.870707309720125888e-01
2.566862534769942528e-02
7.610399200268596065e-01
-7.271579317283551891e-01
-6.164412619296462115e-01
-7.532655974250133113e-01
7.306663968887554539e-01
3.185671609275588789e-01
-2.640241503880462748e-01
-7.962087263499257883e-01
3.142362218640464278e-01
-6.837739535703324378e-01
9.214312039042247271e-01
1.532282895695562530e-01
-2.893531779920621716e-02
-6.604001582476797250e-01
2.590916765555242307e-01
4.280736565903420221e-02
6.157160652551756375e-01
4.379024516097773656e-01
3.311120715646442836e-01
-2.650008785147590640e-01
7.099301644044115900e-01
3.030799411009703626e-01
1.520581145746646712e-01
-9.011158298481205531e-01
2.089152061574657271e-01
1.496377857237642939e-01
6.902861703210039224e-01
3.644960210728576122e-02
6.113439281012700288e-01
-4.937964373638477067e-01
8.534783669091778879e-01
-8.347747760550066065e-01
8.441266267964215864e-01
4.461894800405263872e-01
-3.203766214139502910e-01
-8.909105565880148792e-01
-9.401096368726351571e-01
-8.955944563471425202e-01
-9.258978144005793887e-01
1.891838066569522248e-01
7.350102324828777789e-01
-8.704312934803348778e-01
-2.533195493729720749e-01
-8.065847223784439191e-01
-2.681051783073640227e-01
3.974263173944225791e-01
2.733089714887861899e-01
-9.522905349823462817e-01
-3.901656653735912084e-01
-3.294106173109674351e-01
8.662936924282726991e-01
5.678988052894420324e-01
9.280415777920252296e-01
5.389415624674189775e-01
-5.986248246739409584e-01
-8.931621864757666174e-02
-3.852446493541770156e-01
-9.264188546321550088e-01
1.179006189842928265e-01
5.663309624252470531e-01
-4.290803436680978855e-01
-4.910301802860355114e-01
9.995662542272667483e-01
-1.122991021760366692e-02
-3.366761391214139199e-01
-2.337112865764443548e-01
-5.083616629471503501e-01
3.030962154128560293e-01
4.526398492023029352e-01
-7.807130946243834302e-01
5.317014281003467069e-01
9.532956272028885181e-01
-2.861541578043573786e-01
3.153655912360597835e-01
-4.206682412023865503e-01
-7.082344748467714890e-01
9.430441267148694795e-01
-4.415389218942209482e-01
-4.268444811760629953e-01
-5.290972576470058808e-01
7.305329346515665456e-02
5.057277001476743195e-01
-3.356069427110139891e-01
-3.636820809109095887e-01
9.786504615971836074e-02
-1.593397080888518946e-01
-2.935427758734221459e-01
5.446401279804935491e-02
3.657903404838600547e-01
8.500092356649779912e-01
9.625112935977861994e-01
6.324900367531645085e-01
5.014549291019785304e-01
-2.829901681657596146e-01
-2.228374760699081136e-02
1.298536154078011595e-01
6.389154094059694700e-01
2.966081141885235084e-01
2.810500288914752343e-01
3.908524731657181395e-01
-6.114785081064129102e-01
5.029300797374447463e-01
6.010563624373561620e-01
-1.035804868952456825e-01
-1.473851743438701067e-01
-3.979157521012879339e-01
5.843668317981896010e-01
6.352331838526308339e-01
7.859015777256661561e-01
-2.232412779981780560e-01
3.532683987382030377e-01
6.949425078271205258e-01
-6.990247030553935481e-01
7.979956786317983219e-01
1.639506874553182669e-01
-8.771038935523136626e-01
3.617468189446022553e-01
9.440859758422588399e-01
-6.761085580174539533e-01
6.519310849297665911e-02
-4.297262997981592392e-01
7.845689806397770916e-02
3.837766775513191675e-01
6.594002324751340183e-01
1.259393766466838649e-01
-2.015413251760076463e-01
9.504677821366547263e-03
-5.966121462432252276e-01
8.776741791355591182e-02
2.340876667259659261e-01
-4.821251864509434881e-01
8.449235808750075183e-01
4.207939037583852127e-02
-5.729823293950178087e-01
-5.777020674965811509e-01
-2.639184761717081606e-01
7.736929608852298745e-01
6.295918618182481108e-01
-8.175256676426316815e-01
-8.793931267941745844e-01
-9.307136133398266065e-01
-4.407400383142139333e-01
4.734571522768058482e-01
9.943329136108369770e-01
6.467694026901873450e-01
-4.987812167421157294e-01
6.539117077387059940e-01
3.971898042237589355e-01
-6.721059702362217614e-01
1.147789589015051348e-01
3.638019076862266665e-01
-4.283015747427783015e-01
7.012870704629392549e-01
8.469321082168881354e-01
2.747862817490906995e-01
6.705345694569575521e-02
6.152981190010646806e-01
5.149182523867557038e-02
7.259744070328955079e-01
9.904880921710395025e-01
-2.296018675800350906e-01
5.762177939061361442e-01
-4.134621036604400057e-01
-4.314615395162595402e-01
-1.680521163096360127e-03
3.236811877664926840e-01
-1.694083127111227771e-01
-2.406057216072763350e-01
-6.461950125506863429e-01
-2.111820979685481436e-01
4.878013375347447500e-01
-8.328021384725445841e-01
6.540373047435139586e-01
