2.803636046613311450e-02
8.702774544864806394e-01
9.859456476800865232e-02
-9.483624830710992715e-01
-3.180601383805263804e-01
-5.851085883300128909e-01
-6.324727919565553691e-01
1.213489572497403746e-01
-1.616404813766476600e-01
-2.129055418318070991e-02
6.724792800564705075e-02
-3.737975954007255464e-01
9.944864603980823059e-01
-4.647445296850210017e-01
-4.347690970805611066e-01
2.117524598861910690e-01
-9.525234290441293439e-01
3.078574928444715031e-01
-6.186589428523985301e-01
5.365918868385499696e-01
-4.448049820994137704e-01
-1.377485322378997346e-01
-8.184129592043052348e-01
4.995940155569462693e-01
3.085695152972773858e-01
6.847330158308746473e-01
8.858985182510181744e-01
-3.891154639112004432e-02
4.788224825278133423e-01
-9.048040451898926584e-01
-2.725780165536901833e-01
-9.168228514734759749e-01
-6.101431442208271605e-02
5.626910247487826311e-01
-1.834918976640118604e-01
4.047207938479744360e-01
8.841729870130039526e-01
7.266605605530562784e-01
-3.697843349497320631e-01
-5.665723447342498886e-01
-5.548614736966555050e-01
6.897408178618618102e-01
-3.852837726300133436e-01
-9.927950234136351249e-01
8.838422922258986070e-01
9.158685904621519658e-01
7.262024738613821473e-01
-7.266724206946983955e-01
-5.272975744572934165e-01
-7.801519072540192834e-01
-4.371428927771707773e-01
-1.923745726967303060e-01
7.303254069895848133e-02
4.036696647961801609e-02
3.347857600185275562e-01
-8.295024864817697186e-01
-3.973292935259407077e-01
-7.300429816455280552e-01
-8.135756946779566512e-01
-4.855947698927669531e-01
1.745517789411026310e-01
-3.834771427890908413e-01
-2.313280482857718034e-01
3.898178102838976145e-01
9.334100379923346846e-01
-1.507064209590727177e-01
-8.245059279383222250e-01
3.655051378261635620e-01
-5.695455697021969410e-01
1.463417257556076656e-01
5.384093983509929959e-01
8.627153717630013929e-01
1.847738903050804016e-01
-4.475620418036962977e-01
-2.785858832617884584e-01
-9.425867326587253903e-01
-6.795128485896066994e-01
3.085861200894957079e-02
4.975460984738324655e-01
1.504845766535163332e-01
-4.829950728949248262e-01
5.615134710178060207e-01
-3.883268896310168028e-01
2.858202749739373605e-01
-1.985608424843186004e-01
-4.858886770219639217e-01
-9.157285422153520482e-01
-2.870733454712546262e-01
3.689284351028176978e-02
1.895133753067617111e-01
4.922964539622380897e-01
5.622228930310191330e-01
1.964917049718069020e-01
-4.645124886419014221e-01
1.071230619183511923e-01
1.452387390168048409e-01
-1.622629085305222763e-01
6.237539977773629563e-01
-7.539728966116210351e-01
-3.070037194962034199e-01
3.924595665779646581e-01
-5.045729392182958239e-01
7.578867659794226164e-01
-9.006882087755208044e-01
-9.813352139522124595e-02
6.614397780469640775e-01
-3.738197088155124082e-01
-4.328277873286854316e-01
3.961559425684306746e-01
3.083086875350817824e-01
-2.382434147424341564e-01
-4.602079491406905198e-01
-9.078226424213895474e-01
-5.300214440026802531e-01
4.746025508587385922e-01
-3.510540319280777144e-01
-6.899713185978810781e-01
1.401138529526197996e-01
-6.627896580892200795e-02
-7.781238956271159246e-01
5.393521272950638767e-01
-7.767803173560405838e-02
3.669430073106163537e-01
2.231155028535880547e-03
-3.900214748313834967e-02
7.945936317709627605e-01
-6.796275355215513070e-01
-5.406069082413407223e-01
-9.151517312419872319e-01
-6.040504813992282340e-01
-9.414880234423050887e-02
-8.998943576260365340e-01
-7.535452933611999082e-01
9.958779258871945927e-01
-3.737741269936312172e-01
-4.135926990915843593e-01
-9.866294190499134142e-01
6.578804597071721272e-01
-9.512608805599618300e-01
3.141117425916788441e-01
-7.862551735532701258e-01
-2.675335642475098474e-01
-6.209527854343006581e-01
4.356964790877386751e-01
-1.469303388625935458e-01
-5.092415471700870722e-01
4.700236869411755780e-01
4.376615105954528850e-02
4.811410102696096480e-01
1.732889131008730210e-02
7.865400508125992562e-01
-5.878081892170989864e-01
2.006731021319643204e-01
2.390179063472308574e-01
8.185243514898716821e-01
-4.752434852334208593e-02
8.958173878746271690e-01
3.311495739577303699e-01
6.459904873261124170e-01
-1.253604163631034663e-01
1.993838687620463901e-02
7.772442616953665340e-01
-2.190769196937139007e-01
5.321735023980165291e-01
-8.541337238790982500e-01
-2.221031863294598008e-01
1.014285674408326177e-01
-9.651224338422115245e-01
9.507995474953629955e-01
-2.735021643255000079e-01
-5.289898088908040474e-01
-4.375096083041314365e-01
4.762280360465191986e-01
6.360040734869343293e-01
2.315715331043348701e-01
-3.172581182283646939e-01
2.558839100310672521e-01
9.168572482637227239e-02
-1.808527353283890804e-01
8.124841996985079362e-01
-5.050162766230121836e-01
3.149417326657213412e-01
5.116603426586658898e-01
2.278764793550371870e-01
-5.502509526081469371e-01
3.848013044281488604e-01
-4.899520859903314651e-01
6.819216941488046579e-01
9.496984401531323172e-01
-8.942981506550307103e-01
-4.595723524173425112e-01
-2.673155041039259050e-01
2.535808869157276657e-01
2.174035592718857046e-01
4.785850480430700049e-01
7.465688065697917430e-02
-3.283192256791718222e-01
-9.885354339319325501e-01
8.174329576166694533e-01
4.892313291718841661e-01
3.414541292768054070e-01
6.795714926193718863e-01
3.775853916316136427e-01
4.486308097685809404e-01
-7.313779978122338932e-01
-3.317673221327341881e-01
-8.301195714454796537e-01
6.623186317641927001e-01
4.515747495309876403e-01
-9.598600269051296152e-01
-2.784638014570364195e-01
-2.421883798006569943e-01
-1.664197279454906475e-01
7.479169362659776610e-01
9.987769196031677232e-01
1.079295599153347052e-01
5.601708930495568062e-01
-3.417501903688779930e-01
-4.278388439701230617e-02
3.682271691550820236e-01
9.052725557218945784e-01
4.365956876004475351e-01
5.896393548189660105e-01
-4.920032027495491178e-02
9.200429506638541088e-01
-2.288179089307056380e-01
-6.033580566174743254e-01
-6.675740482306762313e-01
-2.779074606790434832e-01
4.095573559190093249e-01
-9.368692981560766686e-01
9.234193458546195998e-01
1.695945122624609169e-01
7.631152020497826705e-01
1.780262437830033573e-01
-5.543991422952831982e-02
4.182992052910430303e-01
2.716272695681372085e-01
1.863341378755947186e-01
-9.057635174491347474e-01
1.406773555721962943e-01
-8.266332627199917127e-01
-7.737483435502390261e-01
3.775156099299907808e-01
4.814974638309752475e-01
8.452031544980629363e-01
-4.208675175009677361e-01
7.493285425179392334e-01
-8.280824237704067503e-01
-6.828351057245267697e-01
6.980427906904140833e-02
6.018823845240246495e-01
6.914718994559787557e-01
4.673156951435684103e-01
2.401828635051965755e-01
-5.201870750079413686e-01
-6.767066814306053057e-01
2.483800043263149071e-01
8.642372059065828171e-01
-8.557032450267136880e-01
-2.446148563353205407e-01
-7.606560923972960353e-02
-6.752138237690532563e-01
2.750878433529435618e-02
-6.825765966823267306e-01
