-3.929688549838235012e-01
3.733461854096480348e-01
-9.328893129637281234e-01
7.793101718050556848e-01
6.378919891138410403e-01
-5.755680449951374733e-01
7.090796363083735621e-01
8.995658619787687549e-01
6.372749768486245525e-01
-8.472660987961488921e-01
5.554422686073201554e-01
-4.190642944944411585e-01
-4.799409390756199656e-01
5.697883692546679146e-01
-5.733642137088070800e-01
6.967283454861417091e-02
5.438811106848984167e-01
-2.308754162133868082e-01
-1.369229957172255485e-01
4.436197881297752055e-01
-6.935864425415014800e-01
7.353871339582662703e-01
-9.152434442401458092e-01
-8.867887503157203533e-01
9.969861755796727287e-01
7.923081069053479197e-01
2.368488793198528786e-01
-9.394773269990257525e-01
-4.342438419095939750e-01
7.425517163985895230e-02
6.989582313862525709e-01
-2.220192881345772751e-01
3.605320985435396253e-01
-3.025567582261601274e-02
-8.004491392292378826e-01
9.811963933403391458e-01
6.186203352364696428e-01
-1.140114082442655885e-02
-6.818738807688338177e-01
-2.927616982635679044e-01
-1.019526172244393791e-01
-8.408824858384380541e-01
8.588471523947873720e-01
6.802939185122096610e-01
-3.059690632205314120e-01
1.330969695327681723e-01
-8.533010834811511902e-01
9.425743380314122177e-02
-4.073244873924242171e-01
9.253763747533545470e-01
9.227391408411222962e-01
-2.346270600373090431e-01
-7.473326743485142476e-01
8.665157530375087180e-01
-4.541071435966521630e-01
3.464118937423874556e-01
3.852613701425247061e-01
5.927987130770984159e-02
-1.494838371736990634e-01
4.984816709707036164e-01
1.854111991928475422e-01
-1.159017456426125747e-02
-1.519818563977202164e-01
8.924599059390205813e-01
2.129639649229746468e-01
-4.170083358567693299e-01
8.977920761086350954e-01
-4.404975940733752982e-01
-9.678350006944305139e-01
-6.057044399721052130e-01
-4.601999956561968474e-01
8.839598479025640998e-01
-3.113201076631433306e-01
4.509265748127582185e-01
8.004710569542528020e-02
5.046382097718333792e-01
7.780128321307411277e-02
3.437436025271605189e-01
-4.648026477289490810e-01
1.607301543105204011e-01
-8.254823350946363103e-01
-1.991525055437595171e-01
4.228880847782523489e-02
3.636092291188619541e-02
6.406064990153719219e-01
-8.307970481128577056e-01
-1.919135674246921219e-01
-7.502877749379694983e-01
2.286985682315727519e-01
-1.843220599700783335e-01
8.736781669468198785e-01
-5.006001811393452350e-01
-7.324650370844756342e-01
9.115627181487575559e-01
9.463912776041163433e-01
-5.473256242292510176e-01
4.978508400789674049e-01
1.565156105356222405e-01
-2.010510583330142875e-01
8.171963378964173241e-01
-7.894175309647732952e-01
2.717991515981683648e-01
-4.938799755640661537e-01
-3.938456984748768264e-01
4.864922771341584351e-02
-2.205784953197706955e-01
-3.123709369590366158e-01
-2.235487993038964838e-02
9.134949223037591715e-01
6.817463035903412738e-01
-2.510608070143516279e-01
8.682045187973528311e-01
4.814221734788095564e-01
5.499463348403388352e-02
-5.849784501649815116e-01
-4.808511475517243117e-01
8.517165017928578497e-01
-6.999997526614185617e-01
2.347915267740363632e-02
3.435193563868288447e-01
-8.393199678206975101e-02
1.000447428367829961e-01
4.511367209508660991e-01
-3.343957045911767345e-01
-8.935603320359548629e-01
4.710084851162661401e-01
4.612848710732040391e-01
-1.563603188158473323e-01
-4.060244198694942241e-01
-6.259302209236079495e-01
7.463159815684532461e-01
-3.121608793299035511e-01
4.708176749511319148e-01
2.018393630835499941e-01
6.469033279454454721e-01
-8.229900395247651268e-01
6.717905955909238003e-01
-1.459486154937323921e-01
-1.805955482456136352e-01
-7.101147791470281412e-01
8.210375060128389801e-01
-5.902414162424940436e-02
9.507813880284359254e-01
6.955118926445178484e-01
-1.983761394055032490e-01
5.453533211837653383e-01
-8.267474168430906101e-01
4.581233433012956713e-01
-4.213063990928467284e-02
-3.617751867933207688e-01
7.263192050176916492e-01
1.429865139011927688e-01
3.630535240503387495e-01
-1.009197039089062553e-01
9.019210236039689743e-01
-4.507158233234371814e-01
4.090883216795839772e-01
-7.795986450716396732e-01
-4.306534479178258934e-01
-9.890516246212219809e-01
4.800849909530009452e-01
-5.264778582706226562e-01
7.759874500108829842e-01
9.938755457838681640e-01
-1.271325798421951703e-02
-3.415994668661799238e-01
-3.516287932360468993e-01
-1.241110335355075645e-01
4.725421368198188254e-01
6.497375687743400796e-01
9.132735961776083933e-01
2.353307434367346573e-02
7.627213817177147526e-02
-4.220649725171639055e-01
-8.209956453592042180e-01
5.163071745793423872e-01
-3.215115175049438889e-01
-1.068861701938821351e-01
2.436461990792992971e-01
-3.578028929658019219e-01
-7.227431026594954844e-03
2.759877043057259449e-01
-7.163939062579549599e-01
3.902812853211856670e-01
1.594444097431049201e-01
-9.130512718938721406e-01
-5.557323030485199489e-01
1.946110861262300151e-01
-1.928774533557902071e-01
5.275247109261678169e-01
-7.310256205159866294e-01
-1.308272694496046551e-01
2.472079567089042751e-01
-4.110432390652933865e-01
6.388657893243945285e-01
-1.700498294152106293e-01
-6.990487914146210624e-01
-7.535810884982021562e-01
-4.450456797209669801e-01
-1.418643561258474683e-01
-8.525511341297438150e-01
7.478939455476769638e-01
5.255447656989737926e-01
-8.591385827905333450e-01
8.140079983055668045e-01
-8.323841298765000118e-01
-4.544420791024164075e-01
-1.403175962291514089e-01
4.481499254158642920e-01
3.255192711698100538e-01
2.200771763782427559e-01
7.328834339371923523e-01
8.524067796774026373e-01
7.294687291451780187e-01
5.750691929445095329e-01
2.585548817235494568e-03
-8.181252795932778543e-01
5.003386492862411661e-01
-2.056848072248618209e-01
5.819314283469094740e-01
2.080498593094002313e-01
-5.750270163246495869e-02
-4.572876551311939597e-01
-4.172409833256911504e-01
6.536975990445086371e-01
-9.046943111405796323e-01
8.503991035790861019e-01
-9.662969567130248461e-01
1.074204639060212241e-01
-6.598826371373538446e-01
3.684701801541432342e-01
-4.915445380016729704e-01
9.590370107715187054e-01
-5.514827506635988641e-02
7.150160992837863994e-01
-6.225319713909791552e-01
-4.250187796284536912e-01
9.433402254274394494e-01
5.978475638661810976e-01
3.820632187785244493e-01
-8.644769423379896622e-01
8.837762801134800839e-01
-4.408067034828451192e-01
4.413614028303063375e-01
-6.684528274011118931e-01
-6.327302664523870579e-01
-2.046153794269005566e-01
8.671340266234484062e-02
4.069804626124569058e-01
-9.727384500527245237e-01
8.861492251031268808e-01
7.641779202937781790e-02
5.366571047073478429e-01
8.280373138477925554e-01
3.512022550531990195e-01
-5.018483351075941901e-01
7.325261838273986470e-01
1.139174112083856105e-01
-9.053394503366241075e-01
-5.832976755281360504e-01
7.006974742443803361e-01
-9.022225467500371021e-01
9.192860285541903931e-01
-1.402957317225821399e-01
3.498041052648155347e-01
