-6.570896611629262196e-02
2.681617127586397586e-01
-2.654700014255895191e-02
-4.476274798079393769e-01
-7.722450853316997765e-01
-8.688030723419351009e-01
-5.969090184876031380e-01
6.181448232385846620e-01
6.100350848405899917e-01
9.040283567346627525e-01
6.722022347975060708e-01
-5.231446357278839443e-01
-4.759728620389236387e-01
-1.432461344113005186e-01
-6.143614352034882931e-01
-4.795953773640437845e-02
-5.891396755048439182e-02
8.480318305684648728e-01
6.971999231060301838e-01
-2.547109379705785326e-01
-5.491903023770228209e-02
-4.307901095176287498e-01
-6.728681532622184935e-01
-6.527931126755224245e-01
-4.761403392261926992e-01
-3.243097794086502450e-01
8.713338347414847362e-01
7.737277359255299025e-01
-1.513682939842200259e-01
5.469826202566037132e-01
-5.198002879126435438e-01
-2.079752277804116645e-01
6.810060618681947897e-01
9.767245171840750473e-01
-1.726303675024623008e-01
1.846888017824004358e-01
3.494447645370872824e-01
-8.035535700717975072e-01
9.756079241723727424e-01
-9.355973414023046608e-01
3.907010154503061106e-01
-1.906057577066997410e-01
9.230671325013004580e-01
1.237236789330184994e-01
6.573797467652795490e-01
-6.120802331913146599e-01
-6.424745144363737115e-01
-3.925793780079418482e-01
-7.684980748125762595e-01
-1.661305572373414918e-01
-2.067106082016019197e-01
-8.780425454638953742e-01
2.273968953182514685e-01
1.888518996404899841e-01
-6.543012400326200240e-01
-9.745820812619796492e-01
9.155919902739522165e-01
-1.684940770911969032e-01
-7.296508791359397339e-01
4.026313122273172951e-02
8.098734856343228206e-01
4.534237584726161785e-01
-6.545182352339817822e-01
-7.546754063281129188e-01
-3.876430001908515166e-03
-9.505458029963171906e-01
-3.303030465534479987e-01
-6.052787729116262394e-01
-2.294396508636473708e-01
8.417145938683092687e-01
2.742374440441934791e-01
7.101332015330403813e-01
5.120943649077336346e-03
-4.017573244357766082e-01
-2.909687947535615216e-01
-5.892556530771488887e-01
7.911138738105507606e-01
-8.347068329855120705e-01
6.248314397468970327e-01
-2.107713152009040858e-01
-3.027799193267983746e-01
9.536410341803511770e-01
5.032966530566789221e-01
1.706435370993972800e-01
-6.312517642963832998e-02
-6.207835687656171331e-02
-2.341223861410144380e-01
-3.381687268604460783e-02
-4.162259994184474010e-01
-1.643183714378551041e-01
8.964181414626011257e-01
9.207492797486205305e-02
-6.710127845408222491e-01
6.397877828414935131e-01
-1.389712338247339751e-01
-5.688042359200424780e-01
-8.101867030997289554e-01
-6.749049741691126592e-02
4.326081770652621117e-01
9.029840094675283257e-01
6.211105854558065520e-01
-1.417896448390292274e-01
1.866584840317340177e-01
-7.736540940955036749e-01
-5.154389970202393201e-01
9.009396567005418799e-01
2.109122868766011294e-01
7.567784767051726202e-01
5.835443862500828693e-01
9.616194138555058668e-01
9.141194957831610957e-01
-7.407182047162037541e-01
2.584728792915425011e-01
7.527706927636144130e-01
8.404449017107602504e-01
1.170341703395834099e-01
8.112639935893672938e-01
-6.991064761385006321e-01
2.964869788595665412e-01
7.550844021222569147e-02
7.481454467442127942e-01
-5.831803280940748291e-01
7.921630015373650746e-01
4.989403714461975170e-01
9.224699978843469150e-01
-7.673092002307149162e-01
1.975887486778062918e-01
8.301798249978882271e-01
9.892453597422836697e-01
8.662906517175665844e-01
9.799004009398615267e-02
-4.224019204601145994e-01
-2.049752695367867972e-02
2.052277707158176590e-01
-2.661848265519564105e-01
8.260571577147914901e-01
6.371573693245791148e-01
2.394490389113581585e-01
-8.046827478619593688e-01
-5.844836122036667359e-01
9.258388986263836884e-01
-5.784624492909538063e-01
2.908743147350298930e-01
-9.356458921689048136e-01
6.830044226284637254e-01
1.347460220736576009e-01
6.448483781130989190e-01
-3.573455137090542078e-01
3.894299524132893708e-02
-9.681382524206689766e-01
-8.758458729040543567e-01
-1.040350625403558826e-01
4.854402507054047522e-01
5.884554349172448351e-01
7.192281172272576573e-01
-7.025169460476674566e-01
-6.757312609459622532e-01
-7.119985944723099536e-01
-6.509774012706219803e-01
-5.463713096514342116e-01
2.390615510708957725e-01
2.818697401061813768e-01
-3.334646382587309610e-01
5.629403829624097799e-01
1.484144178653092894e-01
9.338577871641766670e-01
7.820109311631957549e-01
-1.765564475893028895e-01
-2.523578593484203658e-01
1.089511218207559473e-01
2.136602840699357575e-01
-3.110229931168579931e-01
3.747039387892894258e-01
-6.533344972381189830e-01
3.798563990832242165e-01
9.163858273367297969e-03
9.426806585473255229e-01
-3.795707212811483267e-01
-9.919643379827078888e-01
9.066112892215090202e-01
9.295520181768921475e-01
8.734261807136514122e-01
2.400339115227652087e-01
-7.706162476625646462e-01
2.079863703589015511e-01
2.386266743109315414e-01
-3.210261532916969252e-02
3.103110345790136559e-01
1.441884777872664003e-01
-8.865805253350522719e-02
-7.118962693891102145e-01
-9.337360793901012812e-01
2.056984475805994084e-01
-6.999822052002491191e-02
4.121318028868889982e-01
-7.160814635136292239e-01
-5.248626370202913449e-01
-1.521870505249405259e-01
-2.328327424450431504e-01
1.905457199241269439e-01
6.752131722877092734e-01
2.234495906095148587e-01
5.430290165737128305e-01
3.941251259126077322e-02
6.783298653956841839e-01
-6.120200328172458182e-01
-7.268471278881172282e-02
-6.056632951170775048e-01
8.519565700085129922e-01
-3.559201868363721655e-01
-4.345334027330010063e-01
5.375463600606429360e-01
8.386146400095471076e-01
7.442572742594013580e-01
-3.622928233534203901e-01
-8.937497382264913970e-01
5.592818466467130989e-02
3.152689572714550970e-01
3.909090707735818349e-02
-9.726592167848620019e-01
3.960252946860391976e-01
-3.642671826870607088e-01
7.405525635276266616e-01
9.272568781786241221e-01
4.330426322271068162e-01
-9.193627786585312212e-01
-1.031255029873050511e-01
3.397989033272186266e-01
-2.307265384822461129e-01
8.736922524982222438e-01
1.606141060482428884e-01
7.191409754725754944e-01
3.573050113767226588e-01
6.191289179644232643e-01
-5.863817499671797329e-01
-7.495733923911216401e-01
-4.270478558911350309e-01
-5.453789872313641318e-02
7.400921450419921666e-01
4.288037809041056470e-02
5.178700727829923522e-01
-4.821574827902153082e-01
-6.754441308721825799e-01
6.178226065447334214e-01
7.317380657056387072e-01
-4.959013377194070316e-01
-4.216490342391590040e-01
4.727837039048747858e-01
-7.375903554781639837e-01
-9.360968363544914794e-01
5.601724742717399952e-01
7.136652453182885658e-01
4.083794859683660405e-01
-1.444990073772034478e-02
7.298083502722920723e-01
7.588922719688804275e-01
6.922075602792587823e-01
-2.356126690666426882e-02
6.075767198850825501e-01
1.624703476803226465e-01
5.057584770533818386e-01
-8.883500282310372587e-01
1.441584864038358837e-01
9.811978502620690712e-01
2.441948106979274780e-01
