-9.307642052237667940e-01
-5.494797035886933578e-01
6.880584007034125094e-01
6.274948932490447273e-01
-2.732240867812045781e-01
2.568057147559228426e-01
9.305648211549546467e-01
-5.271502407619692576e-01
6.741024091931229201e-01
9.591246221781568604e-01
-3.779660134698243912e-01
8.163801423598555651e-01
2.418920301052662758e-02
1.760373524768450437e-01
7.530993009523929693e-01
-6.790014072436798553e-01
-6.363500194593829651e-01
-5.601344513278063708e-01
-2.086290667139851784e-01
3.972407635094024059e-01
8.679558416259802733e-02
8.067646792182616711e-01
3.151858974654091483e-01
-6.215612709855422580e-01
-6.424556094188595967e-01
5.503449676125404810e-01
7.329084719424994177e-01
-8.863961617225344369e-01
7.641472431319702441e-01
-8.740573473666028992e-01
-5.177322321829009866e-01
4.369446641850460722e-03
-3.225370267743543629e-02
2.856153641207179739e-01
-8.692529540268887356e-01
1.100691405324052408e-01
6.417496706086645020e-01
-9.242563225212661049e-01
3.275038316919629544e-01
3.520783554127608905e-01
-3.934293321324919823e-01
6.501915509308493490e-01
2.899678426730298852e-01
-7.787291459254590542e-01
-2.898559443923700574e-01
-5.653147698377998243e-01
2.096873691195897393e-01
-9.699176691078534862e-01
-6.213166073043607796e-01
-4.248409674472630737e-01
5.613519025107223115e-01
-4.054553026870011401e-01
2.224096518910201326e-01
4.891740661401640100e-01
4.852017518643556571e-01
4.864995928735416086e-01
5.837793882678381507e-01
-1.748555888875351627e-01
-1.013364472776356884e-02
5.643360392510139434e-01
-4.310095324990752541e-01
-2.019617567634663935e-01
1.711110865937692793e-02
-8.221843083619386761e-01
1.432137783243496720e-01
5.373187253189286583e-01
5.141827491811239437e-01
-4.878001975591452766e-01
-7.294216566695961301e-01
-7.105622757859058058e-01
-9.778349875935254953e-01
1.045341534375112680e-01
-2.639023557700694855e-01
-8.444961555639731721e-01
-7.910206405151298803e-01
-4.944599792789843296e-01
1.068316160791751290e-01
-1.728548252919008821e-01
2.850626644372444840e-01
2.085650199790962667e-01
-7.566014565755183607e-01
4.817559685298480332e-01
-3.096082674931377454e-02
-9.409776605314610354e-01
-1.054968388703112492e-01
-7.303059900193238363e-01
6.023912129733366427e-02
-7.998174510496940393e-01
-1.600432271306615473e-01
-3.075464086072625669e-01
6.334404068053216541e-01
1.727379109647746436e-01
1.362461335312055155e-01
8.611594066757888299e-02
4.860135621611216816e-01
3.189782874128721524e-01
7.603498474751202441e-01
6.561434042055203086e-01
-2.670976214381155511e-01
-8.837847790948800686e-01
1.563938928861419164e-02
-2.390316409311423751e-01
-2.188349806056781865e-01
-3.031471772643143936e-01
3.514237570868794514e-02
8.231306700683851396e-01
1.359073559859067526e-01
-6.080525079525640475e-01
3.465239274205025310e-01
-1.127078969476360548e-01
3.684750705254613568e-01
-3.847479988809103801e-01
3.757361494466260332e-02
6.611496668786904785e-01
-3.393757237699905893e-01
-5.364622144848578689e-01
2.097375103111291939e-01
-9.078493574132922017e-01
6.153986484949225400e-02
-4.533224821215584566e-01
-8.531958774301577897e-01
-5.403745273891829015e-01
-8.331538665796363041e-01
-2.404708179375081301e-02
1.346812686941405435e-01
-6.752442187626739312e-02
7.420698365697302457e-01
2.446719364675695729e-01
2.011112505588665833e-01
7.347292425055398368e-01
-6.556759161238518985e-01
1.376473850763559881e-02
7.841935265899329099e-01
5.528982866499478899e-01
3.365332682326460656e-01
-7.930098372005334184e-01
-9.506285048411555749e-03
5.285264211043163574e-01
4.925912889381949267e-01
-4.558812512835304087e-01
6.640756899821340653e-01
8.597554293394280567e-01
-1.496385782675344611e-01
3.882143461139857532e-01
1.846600100342996598e-01
5.656586916045094338e-01
-4.751914279884608128e-01
1.241636832566892501e-01
-8.326137007046245930e-01
-9.943006093691566516e-01
-7.207192784934079999e-01
4.429632862332282262e-01
-5.607476268413025267e-01
8.952449847029668728e-01
9.088301647638163949e-01
-1.698398870618580414e-01
-7.939149362006294730e-01
6.301785239923376469e-01
3.717266228971611852e-01
5.287560407314930710e-01
5.346942170311672626e-01
6.526474312068224481e-01
-2.557590271152019312e-01
4.116878824816696536e-01
-7.021459539055172616e-01
1.399538299094058580e-01
-4.065078748097286088e-01
3.094028725906199373e-01
1.505227473189747478e-01
-1.344969886485720689e-01
-2.643660938067449173e-02
-1.610325341727900650e-01
-9.861091967949122683e-01
1.753735308258663750e-02
-3.920927542885364048e-01
4.246918679062450241e-01
9.284412341832448679e-01
-6.565505586011695094e-01
-3.068781217015836837e-02
-2.943523649554717903e-01
-9.708668191765492672e-01
-5.194787826251350271e-01
3.436457656781448655e-01
7.483355106936662171e-01
5.028554896985133471e-01
7.259919972969661739e-01
7.054523884317192017e-01
5.376020829877505847e-01
6.775979607671480665e-01
9.890246772932114183e-01
-3.980534505515493926e-01
-2.150956272440325279e-01
7.017007885658688160e-01
-9.733412677444548411e-01
6.473592481395202825e-01
4.571202360845423307e-01
9.163084125334584051e-01
4.803012144902465419e-01
5.661609745148152850e-01
6.937578800695807235e-01
-1.342140729624390350e-01
8.942052747692561532e-01
-1.887267001288857049e-01
4.381449286854994796e-01
9.987022550676949439e-01
-3.357564441583258397e-01
8.355340382923106546e-01
6.747106724726781302e-01
-6.462316217798795837e-01
4.851887783539017285e-01
-8.894536859195520950e-01
-5.609042609213608088e-01
3.320664634934038517e-01
7.966573118740440940e-01
2.161702474196836032e-01
5.812029046094517870e-01
-3.346587621270524782e-01
6.306320353997445505e-01
2.221418328600544001e-01
1.053107528114509694e-01
1.680291831835347693e-01
-8.715340727308618085e-01
9.257446961495652271e-01
2.514810289912126073e-01
8.116604328806475976e-01
-2.318454658638162691e-01
-2.229767748526234605e-02
-3.003457253810046801e-01
7.707076815726119356e-01
1.068411721124682412e-01
-9.168968050775889722e-01
-7.087645948200469448e-01
8.940473394796795148e-01
-8.920599643055306949e-01
8.307006690815257333e-01
8.992803467446601751e-01
-6.738418380913624439e-01
6.349031294595850472e-01
1.086885154382173369e-01
2.098023250586524835e-01
-3.504723267246945273e-01
3.766615032167353050e-01
-3.207570226377285394e-01
4.361539274767789465e-01
-2.908743312277484172e-01
-7.906513435777802190e-01
1.797654772327783590e-02
9.631047477539160795e-01
8.341875422332400980e-02
-6.705254933138633522e-01
9.270749196465517539e-01
-7.935636876952716356e-01
8.154478702465559614e-01
-2.418611998595567858e-01
-5.917867374952825443e-01
1.998642712315583658e-01
7.963111775317159857e-01
1.186057492077414732e-01
5.433265971235101688e-01
-7.906386156056404158e-01
-8.057719515055878912e-01
3.751082811897095137e-01
-3.682150469929799108e-01
8.960787492500643658e-02
1.003719597768597538e-01
