5.388079441191750973e-01
5.846776172868499710e-01
7.502640421014412642e-01
-1.400801122308648061e-02
9.908722463972192696e-01
-8.456811650231810251e-01
9.907667317473811686e-02
-2.081111316918138332e-01
3.490209056393109854e-01
9.832052874021930400e-01
-4.330373945171843708e-01
-8.325061891987572960e-01
5.488116816078512095e-01
7.157831767599394102e-01
-1.971372356673937176e-01
5.893733582424698358e-01
-5.203340766182573685e-01
-1.010820704703458972e-01
-1.284516354865639087e-02
-7.250329142713003439e-01
4.101136740006245951e-01
2.058263904941688427e-01
-1.506266777095499609e-01
-3.869620019797770372e-01
2.283385922939293877e-01
2.058851539291313149e-01
3.644400758043244704e-01
2.339519489631585181e-01
-5.333802683377983911e-01
-4.982316881950510368e-01
9.949622051182549498e-02
-8.831193698062727027e-01
8.518071205436112958e-01
2.478788691914313169e-01
6.444904194730110003e-01
-3.012893324909127202e-02
4.153784277852123896e-01
-4.414575969816647572e-01
3.456082145068861688e-01
6.676496915734062565e-01
-7.822331358289202896e-01
-6.088196893119157682e-01
-1.468963340449345178e-01
3.263313113121464326e-01
-3.170818956695691249e-01
3.345710904716650003e-01
-9.255403487936852969e-03
-6.347112554227740677e-01
-6.363827835981228365e-01
-7.232692648626690701e-01
4.830760805550522452e-01
7.213848558147659684e-01
5.735619680960697409e-01
2.815217086595407370e-01
1.249617267544844701e-01
8.864192034681390719e-01
-6.531679808054737801e-01
4.756795844424299702e-02
-2.846657181560006133e-01
8.137296901977508767e-03
-7.807616338062168815e-01
7.405613053649424682e-01
-1.777511187814269089e-01
7.537305686977497921e-01
8.627281131877957421e-01
-9.812108658665679162e-01
4.682853923724801248e-01
1.096673581978773182e-01
-4.487022210661071320e-01
6.685498950314776589e-01
4.759142496588839588e-01
7.462018957466005631e-01
-6.407340655226645421e-01
-2.540363649689421077e-01
1.313701587433979689e-02
5.521729367445975534e-01
8.017763275016325242e-01
2.721188995158549950e-01
6.116817783869255010e-02
1.995795568682485754e-01
9.677122278723573334e-01
1.543821991566509677e-01
2.926866555489187061e-01
3.316130527443710285e-01
-6.836658481785318209e-01
3.230597409929354402e-01
7.746689231624817040e-01
-1.851678883194549652e-01
-5.020619319204866482e-01
-7.015937087960835150e-01
4.441508641145202052e-01
-8.391614343507798335e-01
1.295777108779982978e-01
-3.582898124947333507e-01
-3.542118276943906352e-01
-8.130657818540343307e-02
-8.974895397500506355e-01
-5.917073602871134597e-01
6.127444767936618408e-01
-2.429068658943955850e-01
8.890591768610272005e-01
-8.948711666994042524e-01
-1.751645430245063473e-01
4.647092477008585298e-02
7.696779441190761961e-01
3.674584784824341810e-02
-1.107512916561810279e-01
6.162555964265266084e-01
-3.412975043558517108e-01
9.354072391075463067e-01
2.588911722575224506e-01
4.538169358165069500e-01
4.341379992463993975e-01
3.035259694422163257e-01
-2.146870379531240491e-01
-5.231704307861391179e-01
1.963719607542055989e-01
4.391103849508304346e-01
3.491899856557052484e-01
-7.921839277122106893e-01
9.677845868190411149e-01
-5.859950414233265903e-01
-7.786283689846551503e-01
1.707744907753667718e-01
-5.376112315330150437e-02
-8.916246053740528588e-01
1.933932006480116872e-01
-1.067804574704975806e-01
-1.537500993432121543e-01
9.402534888680815772e-01
-7.183773738640368833e-01
6.167737182353754122e-01
3.315654379947643449e-01
1.619239822642848381e-02
7.270577344482844762e-01
-6.321914753690456301e-01
-9.622670009486085085e-01
-2.852145983537188734e-01
3.270027925806222591e-01
-8.677960684147303372e-01
6.920691238009484270e-01
5.917001696074182249e-01
2.448774756421072674e-01
6.741169968368185828e-01
5.420965234946175659e-01
-8.900680036580903565e-01
7.131711751546507827e-01
-6.575681044536134667e-01
1.898924625120228526e-01
-7.839170345972079623e-02
9.469231347036093371e-01
5.159172738265482838e-01
-6.517346966698140953e-01
4.883858032491157353e-01
1.972344546804984944e-01
-3.177151823948292098e-01
5.534590118912083856e-01
-4.914169210639021124e-01
-4.589002330390408169e-01
-7.713081507591856845e-01
-4.122582928418521142e-01
9.542200888812077952e-01
-5.162649908192966652e-01
2.962715950577288204e-02
-3.914986478409219206e-01
5.611654964637502463e-01
9.573994320830030436e-01
2.576542309974889644e-01
3.501026485879865646e-02
2.398635256576020502e-02
7.572883181020306775e-01
-3.458026140332042253e-01
-9.265757869575539374e-01
1.914556015280082235e-01
6.594972132240908280e-01
1.353643491474445515e-01
-8.473081451574742129e-01
-6.618800086946154959e-01
-3.728893547332798875e-01
6.360958630741946340e-01
5.588970914004871560e-01
1.731759796464644729e-01
6.253276816136699168e-02
-1.769454192197688069e-01
-9.859297930099368834e-01
8.649614186102767555e-01
-6.504489858467206176e-01
9.555146299021093359e-01
9.866159588955694115e-01
-7.709566312264628518e-01
-9.016187890204190314e-01
-6.003254830399269437e-01
-5.233679179218675426e-01
-8.289078563810781120e-02
7.758934443405327563e-01
4.979288824437524408e-01
3.539524132201972151e-01
-4.010392173291468243e-01
4.329004819325175113e-01
2.845380058089066466e-01
-9.719721277864308284e-01
1.248796269617735710e-01
-4.030425715278336263e-01
9.241058408725628670e-01
3.336361907793192749e-01
-6.352157915535854293e-01
-9.951668776860427279e-01
4.359931884182912665e-01
5.460724132554699572e-01
-5.397052809655558114e-01
-2.335224361861705233e-01
-4.295442118401340270e-01
4.165187571039659087e-01
-3.170642992859724618e-01
-8.929140924237415344e-01
1.805813091643384549e-01
-1.586788912508843019e-01
7.034220990931057127e-01
8.425011922092846550e-01
4.887161681888838594e-01
-6.474356199557755875e-01
-6.906105158018391865e-01
2.050503566108563547e-01
2.581647371445989769e-01
-6.206348534801675587e-01
4.257114981342939863e-01
-1.055405438642931237e-02
-7.288135950656622342e-01
-9.589052909280932901e-01
-9.657606609697440003e-01
4.235543054696198073e-01
-5.702331074249720189e-01
3.810367094187447901e-01
8.935779745628205095e-01
4.516949138629593463e-01
-3.561544495417867662e-01
6.669860446772615248e-01
9.585522445132337310e-01
7.046320868029725126e-01
5.239533750399725243e-01
-9.325702093200642917e-01
8.816898636874126449e-01
-7.170361104498985672e-01
3.713723665821497821e-01
-5.405859619605781763e-01
8.810530370910847342e-01
4.494268930015039576e-01
9.761094024846612704e-01
-4.024010902151760050e-01
3.271109816417976379e-01
-8.072283081538855765e-01
2.165132126347895092e-01
9.599304549925036234e-01
-3.910592241029842153e-01
7.188054549191229547e-01
-1.193224486425328301e-01
-2.797874710354815164e-01
-5.588624077088009123e-01
3.660453628390938352e-01
4.260154672409441901e-01
-9.260307667045313273e-01
6.837387029588382070e-01
2.925461016036852158e-01
-7.420066942578344982e-01
-9.120202779228610002e-01
