-5.415698722905415430e-02
-8.595107339255718681e-01
9.299275673267659581e-01
1.901425929288276251e-01
8.612486304116271363e-01
6.712028304275057256e-01
9.554575287861355459e-01
-8.364699621578552957e-02
1.673747606280442390e-01
9.505208282134234299e-01
-8.927199220759931553e-01
6.786440907037010195e-01
-3.050476031534390398e-01
7.793662303439516936e-01
4.576547792163820905e-01
-6.038516616930345027e-01
-1.426486840972853720e-01
-2.251747543298976417e-01
-8.233523170320522500e-01
8.551740144540875832e-01
-6.002427838689912143e-01
-7.582845542948724038e-02
3.470312824678307706e-01
2.982434229390011904e-01
-2.421064832493984298e-01
4.709415807954371314e-01
6.808026002149292211e-02
-9.576412445821171904e-01
4.276713676060253100e-01
2.193378445936866594e-01
-9.921556609465855825e-01
-3.966897677426215463e-01
-7.748486594947119332e-01
7.646620551160607793e-01
1.822442384387750192e-01
-4.587688841783186255e-01
4.816478354436408704e-01
4.135606797056234907e-01
-7.231645274406410806e-01
-6.054831057575966735e-01
-2.297394726532970832e-01
-4.406101235926622728e-01
-1.265761051362959133e-01
2.441158034848711633e-01
4.031016636063162739e-01
4.105060548499936957e-01
3.450582659576078015e-01
2.352244096285782682e-02
9.067494736775687514e-01
7.776130915138352862e-01
3.584203246154198386e-01
5.855135227130572328e-01
-8.555313582119221660e-01
-8.585200726340509458e-01
8.096484283918830016e-01
-8.700344501901522420e-01
5.150472777197605545e-01
-1.110593566011797151e-02
7.555381203626510001e-01
-7.047113137940463901e-02
4.009544169200531805e-01
9.796434815172658794e-01
-6.980734640846995021e-01
1.027974909751183663e-01
-6.724710831946729694e-01
-1.587039930590754544e-01
6.797120262898437293e-01
1.197611499250252898e-01
-3.276525826196028390e-01
-7.341081650503182843e-01
-7.904507146408692453e-01
-2.443355332136927238e-01
9.814379306010534432e-01
-8.167772699736854936e-01
-5.155689717911053904e-01
-7.567049322217340723e-01
-6.463708574695625764e-01
3.168265805162810977e-01
9.897521893893923561e-03
2.467419430026411842e-01
7.494525658436748117e-01
9.572227407407973843e-01
-3.682876488200479415e-01
6.866960499489509484e-01
-8.015731221966544418e-01
8.981527545799241619e-01
-2.291153357996067452e-01
-4.194116396270799463e-01
3.747029366468830336e-01
-9.880724418044262158e-01
9.896429151912780053e-01
7.590590376672989859e-01
7.119345198298829835e-01
-2.508375711687682585e-01
5.269458063331895481e-01
-8.403226204103331209e-01
-4.068091289357660401e-01
1.003736112798203628e-01
-8.078386852827441622e-01
8.778876939984301409e-01
6.221465518022795127e-01
1.016601800042797876e-01
-1.747932957286866262e-01
2.673670342726786053e-01
6.291058037604180253e-01
-4.297099368308217038e-01
5.741566601638712353e-01
7.146814669030190359e-01
-8.008014732012971315e-01
-2.490480690346699166e-01
-6.316768585590202267e-01
7.075272154794864932e-02
9.976646523465060312e-02
5.242674749839846271e-01
1.318814075101848449e-01
1.301338066999635501e-02
-5.395875614021083955e-02
-9.316661497736378195e-01
-3.687654924668883893e-01
-3.398127489138602630e-01
2.246686048613364406e-01
8.110882877539220548e-01
-1.807085390475302589e-01
3.542902683857083179e-01
-4.834946871220631159e-01
-4.485026150635946784e-01
4.807195243371069626e-01
-9.439322558494280813e-01
1.716850897873174464e-01
-3.984901321551157505e-01
-1.570651930204609581e-01
-7.347574458348682391e-02
7.208148243226084606e-01
-1.618028026838502775e-01
4.269950368516222117e-01
8.850032729264536435e-01
6.832009986760707587e-01
-8.894344680332408881e-01
9.178206010014640093e-01
-3.622664722365342982e-02
-6.306811599583286299e-01
-8.811491827294040124e-01
-3.541949276178644190e-01
8.507038944732776553e-01
4.600298652230450092e-01
6.890119096302309565e-01
-4.570807045606362085e-01
7.892051727380433590e-02
2.724624729348654739e-01
5.965726065610004181e-01
-5.437040168788493943e-01
9.685684300997667862e-01
-9.637039964385762936e-02
-5.872594832586124358e-01
5.221347306292831725e-01
-4.197920829181731595e-01
-7.779349226703085041e-01
2.904627738382810076e-01
7.660526852780031870e-01
5.768690404253109527e-01
4.298226882057472054e-01
-2.761909398634596613e-01
-5.000321509643255169e-01
-9.409403477259963289e-01
-3.794925927089516371e-01
-8.139641219108728620e-01
-4.165433077718434518e-01
5.747296145625002683e-01
-3.320278477158118413e-01
-4.683965917445243043e-01
-4.506611495843313442e-01
2.172606535570575925e-01
-3.066895087412253584e-01
-1.736789171794741460e-01
7.946801461012837908e-01
-3.934181414114521491e-01
-1.480031211228574062e-01
-5.074680333732968229e-01
6.163082636241679069e-01
-1.085388246627807529e-01
2.158886565523083778e-01
4.224891617071673267e-01
2.774042782582830657e-01
-4.841649630271918081e-01
-4.825712027830659778e-01
-2.301846176076172146e-01
3.884981152378035318e-01
3.538789057069366972e-01
-8.360638369301720552e-01
-2.283275173239678324e-01
-6.595066992984954801e-01
-9.965127055353140140e-01
6.580257841381231820e-01
6.167951681287329180e-01
6.531891007958461337e-01
-9.271520560641668407e-01
5.805547291247403763e-02
-9.739443805972305412e-01
-6.788272203043388409e-02
5.677886529612425903e-01
-6.577679191602339159e-01
-9.371201843898040451e-01
1.791594667996703194e-01
-2.045088386573548078e-01
1.378514967555271031e-01
-6.140807103793979316e-01
4.947542568785825434e-01
3.509476430712166195e-01
5.798924001132996775e-01
2.809512333953538832e-01
-7.483371494884965003e-01
9.904497904649209872e-01
8.351705431179912154e-04
8.871706651956619005e-01
1.407579485017660392e-01
-5.652751239455549026e-01
-1.386344763783637912e-01
-9.080104165634752533e-01
7.605377005713862548e-01
-1.985021826498023501e-01
-1.146819458735377495e-01
-1.497845536655979526e-01
-2.292146131287007282e-01
5.537244492278654562e-01
9.505788277986992885e-01
-5.518802701793603660e-01
4.366720996847817116e-01
3.339297321835537069e-01
5.359079828146318114e-01
5.110378974966813814e-01
-1.247636647205816463e-01
1.858228341094145808e-01
4.147362718910923007e-01
-9.284015291391525260e-01
3.079497938057014217e-01
-1.845649391717079091e-01
4.139287437648526691e-01
5.223614645953675861e-01
9.953797268680624200e-01
-7.889341180608351323e-01
-4.317187676996947499e-01
4.016002686557780255e-01
-2.247191807715320788e-01
2.996753385753971877e-01
1.241322122827615004e-02
-3.823688966559741775e-01
5.112785982106153870e-01
-6.237530661574031132e-01
-8.587607566376613821e-01
3.435793670255249399e-01
-1.223899829940198192e-01
-7.769861594586124909e-01
5.891335286813867977e-01
-7.322102523889151282e-01
2.575407789361663369e-01
-8.097104318147145818e-01
-6.649568203484439444e-01
2.113186706973133600e-01
5.709642663523364359e-01
4.264880808446036564e-01
2.570847050548941137e-01
-8.626741661644043990e-01
3.159915500231809116e-01
2.821661455358583925e-01
-9.711468905610183278e-01
