-4.577420575843356154e-01
-2.961220564738307193e-01
-3.610188617719611859e-01
9.209291477248842117e-01
-2.515152983605555281e-01
5.028861356028937468e-01
-9.489412305847568785e-01
8.432511449531323589e-01
-7.629843357340633236e-01
-8.868942049369703540e-01
7.227283112908207130e-01
-6.286434596521297546e-01
-4.310138812329720182e-01
-4.651898849275928338e-01
1.602381518812454608e-01
2.969421253800734739e-01
-5.305878318193977261e-01
6.357663729296534338e-01
-2.417254270764377377e-01
-7.948229281748218078e-01
2.469215113082019464e-01
-5.992831012267181290e-01
-9.706875279745550422e-01
-6.433638880284067163e-01
8.292059355485137395e-02
9.803644397992512527e-01
3.171771872232145295e-01
8.325306795107012547e-03
-8.408393989132667556e-01
-3.331428514626537662e-01
2.810243592823125081e-01
6.192308614716424131e-04
8.154916656865935920e-01
9.479949585476408203e-01
-1.414309192419491712e-01
1.479954150056705942e-02
-4.906702849450237380e-01
-8.367152647315680980e-01
6.128625930348909900e-01
-6.583234745029735713e-01
7.141171671017210176e-01
-1.003547614143613931e-01
-8.806394984932719439e-02
9.600159895315059089e-01
4.752537029359389376e-01
-4.068752379895588245e-01
-1.185371931845569105e-01
4.830685589467416108e-01
9.813189485803814893e-01
-2.150035439110427049e-01
5.367733367759286445e-01
-3.257973714787016917e-01
4.915274325216922868e-02
6.516992435223611935e-02
9.770322840624712235e-02
-6.633071147325186878e-01
-5.759591832603299100e-01
-6.223391476049719984e-01
-9.436351296694511781e-02
4.007069531222824388e-01
6.750236989945068711e-01
8.455747061706671008e-01
-2.716351004167449901e-02
7.684700093626350981e-01
9.461927285605569171e-01
-5.111129963107410301e-01
3.264670957178636979e-01
-4.427679753142155228e-01
6.530137865302720890e-01
-1.933264888080048483e-01
-8.612666777459270229e-01
5.179660374353329821e-01
9.272442868116408388e-01
-6.665859745646052215e-01
9.579716754028404502e-01
6.531169230259865621e-01
-9.513772043491770525e-01
9.161004392065794644e-01
3.568642611740173720e-01
-1.980829234202583500e-01
-9.909469551891958439e-02
-3.185759460829824530e-01
7.727070773410349425e-02
-4.185357262929203515e-01
3.729340946907688803e-02
-3.681238771502575169e-01
9.761846211195799317e-01
1.667027350366165894e-01
4.841023121731358181e-02
-1.069758679789181155e-01
8.438577777459643769e-01
6.281447805983528809e-01
-9.698286632033854548e-01
4.631663896653102075e-01
8.905285121375372537e-01
5.906803221235430446e-01
2.497233963827041325e-01
9.285185665463233651e-01
-8.347474913697654486e-01
-8.803513187135147966e-01
-5.712080717506855532e-01
8.277455996918563486e-01
-5.763520000414108502e-01
6.799888743450823725e-01
-1.932539884670569919e-03
5.512778007834429062e-01
7.059368977185200844e-01
-7.894540774297076346e-02
-7.352751585650496580e-01
9.623163129475675870e-01
-9.269066628906030836e-02
6.930718300767848561e-01
-5.287471487325212660e-01
4.530017377733512873e-01
-7.618993316252509196e-02
-9.492294115040962321e-01
-1.802444251379673457e-01
1.637466047393110191e-01
1.126414241237412295e-01
1.879878980924574172e-01
3.319154130913180012e-01
-6.153736641925207085e-01
-9.150036925226259221e-01
-8.772240029728559652e-01
-2.714745891182872573e-01
-9.711862918428875169e-01
9.690113294950621903e-01
-1.390767219549080558e-01
4.298370177450168139e-01
4.706359964871211776e-01
1.877857520798253965e-02
4.696334959654553387e-01
-5.937819117562457283e-01
-9.060539894737917876e-02
-9.100581883236813496e-04
-7.636718247916851610e-01
-9.672299295793271856e-01
2.012480616463678817e-01
-3.882907783848266181e-01
-6.175998674028471136e-01
6.254168844761553991e-02
2.819470659923803968e-01
5.477918372581356277e-01
5.788710702010777531e-01
-8.841621715295646666e-01
-7.590605740211908703e-01
-6.543013487430224817e-01
3.029772416053524431e-01
1.557498149264269216e-02
-9.723639094854663600e-01
-5.315267499659541706e-01
6.003194231905872869e-03
2.094006203950804501e-01
7.019120474281212996e-01
-2.025204414001291475e-02
-3.385735854248599352e-01
9.255967048723638957e-01
-4.099929598097038497e-01
-7.089976730731333276e-01
5.889200454462084622e-01
5.012166537394224797e-01
3.308278537441038392e-01
5.084050010272476161e-01
-8.015299015500332303e-01
-3.728411113884708694e-01
-5.067034344372001176e-01
-5.611183466589466651e-01
8.557130626342590585e-01
3.870078687316360622e-01
-8.569079711428928547e-01
-4.557477931694915441e-01
-5.084460834840578425e-01
5.444374692459648113e-01
-6.536904811278374527e-01
4.964847065330868503e-02
3.758881059431202765e-01
1.653950496022495997e-01
-1.738750384329741383e-01
-3.387247529311741001e-01
5.754506584587781859e-01
9.981339440939425156e-01
-3.505059098584946131e-01
1.687407615254790105e-01
-4.038093144643082333e-01
-3.736130350389637034e-01
-1.286891191531636114e-01
1.629106061131704308e-01
-3.325548822360537837e-01
7.918561949059195193e-01
-7.458339702627339030e-01
-9.641954894206978821e-01
-6.645601969289225419e-01
7.462157342608497501e-01
3.111867241049193211e-01
-6.257256564926292342e-01
-1.687987844027059037e-01
7.359510255134373846e-01
-8.863581766120489647e-01
6.916750407252034716e-01
7.713489686272620993e-01
-9.136779741470963945e-01
5.524021717803697662e-01
2.625439349012652634e-01
-6.040579602263131953e-01
4.120285053021355282e-02
-9.517643168129958919e-01
-2.364961825268951934e-02
5.547798064426898712e-01
1.631218882107650092e-01
2.564240989718737929e-01
-4.293278926024297615e-01
-1.831728327690567149e-01
3.915170503654497036e-01
6.744101899643550890e-01
-6.698068905411080909e-01
-8.281861930398983773e-01
9.785098109536789490e-01
-9.163702725335871602e-01
9.286351269916761630e-01
4.716908318444794634e-01
9.635439289037566191e-01
-2.764022584323961862e-01
9.880930598025210454e-01
5.976629366712815639e-01
-4.010996116907936671e-01
-3.907246331746345724e-01
8.487268864909265353e-01
4.393514039585182385e-01
-6.280368123167485717e-01
-2.125874459776284642e-01
3.430879007279474813e-02
-1.112203969397935754e-01
-2.046470530532011889e-01
-7.373766525729874566e-01
-1.406702139288418252e-01
4.100654539215018435e-01
-2.404653083944863212e-02
-5.926975386331536644e-01
1.771028374065506394e-01
1.563541368242982177e-01
-7.050761171730559607e-01
7.090469974959556776e-01
-9.304717694680848528e-01
3.684649913310389380e-01
5.619190153202189286e-01
-8.505095814558663037e-01
6.652170858329498060e-02
4.466177685938377273e-02
7.377192126631875180e-01
6.740884736411016931e-01
-2.636358489447594433e-01
1.751261431173529726e-01
4.433849229808746184e-01
5.624607096025593389e-01
8.183840570253704261e-01
9.890338636861093491e-01
-5.339530744821430197e-02
-1.533415965922313440e-02
2.353711780836793555e-01
1.370959044564701301e-01
-6.651844238638926488e-01
-1.478067824513387141e-01
-8.258760780653864320e-01
-5.130776772691600929e-01
-8.816087643196073298e-01
