1.064460148227759362e-01
-2.778855067297010262e-01
1.102707560263671560e-02
9.319907700080960478e-01
-2.176209796194350510e-02
5.401705529853964016e-01
9.637208410016273596e-02
7.592298008676756638e-01
-5.611491328215838514e-01
4.582326191652434932e-01
-4.363862086578993438e-01
-5.252711911092713404e-01
6.753847396718728469e-01
-2.836513004416347794e-01
-1.776908254884230765e-01
2.604261106724750086e-01
5.436771598112066783e-02
9.405961815869270382e-01
-1.960801060064512047e-01
-2.566925138925246763e-02
3.337595095971621628e-01
8.483759447839349654e-01
-8.641857016489971066e-01
-1.857405093455242184e-01
7.663820263597553861e-02
-4.499477570056609199e-01
-4.850793597602716112e-01
4.875860446160877881e-01
-5.504518278786094676e-01
-1.683865453250654731e-02
-5.464743899276709449e-01
-2.251540824172579836e-01
-2.343897289813914320e-01
5.182011716773076149e-01
-8.208532389427156684e-01
7.725517033033337810e-01
7.969328410040512622e-01
1.734634486536787978e-01
-4.296836843544715734e-02
-1.175968157958777738e-01
6.475951781777709026e-01
-1.807122339197475558e-01
-2.326230318768132133e-01
-7.317046817297017114e-01
9.473773292192069206e-01
-5.575556016399532133e-01
5.363566103253016859e-01
-3.242511542312127570e-01
4.131118344230326755e-01
5.690980781976653358e-01
-8.312630506646452311e-01
3.091805702792020938e-01
-6.157150343397779224e-01
9.384327264284952896e-02
4.017220385825774898e-01
9.118678454712083603e-01
3.860587659477587863e-02
-2.073221429762124313e-01
-8.241402139756752732e-01
4.186550549604428628e-01
9.834471378223597071e-01
7.531825337169892887e-01
7.895042289703484428e-01
-4.431967590819423375e-01
-3.765102295342896976e-01
-6.355496728386522687e-01
8.404722174368133292e-01
-7.601179050875375154e-01
2.634383024635535975e-01
-5.895270533184853168e-01
1.646029537427571299e-01
-7.908422502629581796e-01
-8.122981038874144133e-02
-8.469586525818504352e-01
-2.239717294369656386e-01
9.849385666079464308e-01
7.890318764498502890e-01
-9.135776075066981416e-01
-4.080126867781228572e-01
4.095830696800744075e-01
8.264910533513525337e-03
5.666124610007616802e-02
-8.360199207489276141e-01
7.475123914451808904e-01
1.248694940845407331e-01
-2.916920390745447733e-02
4.000405981619801210e-01
-4.823551926551825630e-01
-9.550295199700595816e-01
1.302521970743846236e-01
-1.850993031281116252e-01
-6.657758924381536048e-01
-6.916557485246441761e-01
-3.012055476951356336e-01
-6.570800400856953161e-01
7.119130120220298341e-01
-3.117167600042449749e-01
-2.031270436790797440e-01
7.282885706746089483e-01
2.399325331733199729e-01
9.495359770169196079e-01
3.496515689139267913e-02
5.536671250886577855e-01
2.691824391772645875e-01
-3.794129136118631340e-01
8.914688285897904851e-01
6.871192801907408665e-01
4.414941955922682126e-01
-6.252007936706955871e-01
-3.711229491935283953e-01
-2.014358186134090900e-02
-1.380040940153328677e-01
-4.994332397575520499e-01
6.193678538212419316e-01
9.537916475891901058e-01
-4.486882694185154730e-01
8.486682822549713734e-01
2.746648883970919108e-01
-5.393013548049812034e-01
-9.426607580410917286e-02
-7.531809829891131791e-01
-3.526924434774085793e-01
-6.017426435213211189e-01
6.709576818869298354e-01
-8.958230602863270775e-02
1.692565550187130619e-02
5.770747979322790044e-01
-2.637014005128726080e-01
-3.920302014733583196e-01
-3.440976255655594507e-01
8.811423077754592104e-01
2.198951138695275365e-01
-7.289443332261793529e-01
-1.236197703667312187e-01
7.583482193098709523e-01
8.139941884608323797e-01
9.134480780666052180e-01
-8.804434397532814316e-01
9.265680823631008423e-01
-2.708615710298525325e-01
7.724506214202999654e-01
3.900417755958851540e-01
-9.885357062195405664e-01
-2.378492810549701630e-01
-8.246207580267259640e-01
6.417513544606681108e-01
-7.993187468337155099e-01
8.718912193097736463e-01
9.246751943660309614e-01
2.357458185112908389e-01
8.108802555628178421e-01
5.033848769025750514e-01
-3.148330457786565617e-01
-9.997683912023060948e-01
-9.740552738819348022e-01
2.293850830975225907e-01
-2.467984235917612956e-01
-6.378603168897578612e-02
4.633395032454494800e-01
4.776508624121611479e-01
1.078819756939111141e-01
8.849564511686363044e-01
2.709115197985401124e-02
-6.932284479705863589e-02
-6.686801068697463268e-01
-9.516566664693189015e-01
8.893260611492970202e-01
1.990480030782626475e-01
-2.372775316174422500e-01
-5.491618019582542587e-01
-2.825510675636897506e-01
2.628477806336602107e-01
1.884483091313147174e-01
-1.570520277808373777e-01
9.851046469979056752e-01
9.451262744670840821e-01
5.285316408919622511e-01
-5.604769916714003042e-01
-4.662217408442346223e-01
-9.322819983908754438e-01
3.544754694268679174e-01
-5.700849350549033190e-01
2.565793767643040901e-01
-3.083564244616923133e-01
-4.846856870677174189e-01
6.019624949034676487e-01
-8.300030266046434235e-01
-9.370343523167508071e-01
1.536939127477390254e-01
1.910086082809407948e-01
4.076874610709801949e-01
-7.189121282823633940e-01
-8.702949868520992727e-01
-5.656634509208822159e-01
-5.696257244529776553e-01
6.410177667123762024e-01
-4.163366267031984869e-01
-7.256517828630977274e-01
4.122747577788565820e-02
2.232726054196765286e-01
5.135701458729862168e-01
6.664807244651380636e-01
9.121143347727347361e-01
-9.217512015561017957e-01
1.739454648802014614e-01
9.847373603121125640e-01
-7.925869757551813333e-01
-4.824126562233672644e-01
-1.739697394642618633e-01
-8.733053572917328644e-01
2.967792054554052594e-01
6.250977615092347950e-01
2.738119556619706962e-01
-7.959147928482859236e-01
-1.393728660683060117e-01
9.862412232618722463e-01
9.985455359487795945e-01
1.903645677850909212e-01
-3.490562504282470613e-01
-1.856299191331909348e-01
-3.330680642211396592e-01
3.312633253302459391e-01
6.581256092322187445e-01
9.963233056164788604e-01
-5.736458246930771221e-01
5.361254508559423204e-01
4.440577614865064415e-01
-7.239521026391708691e-01
7.587947958822600647e-01
8.031402075946580954e-01
3.345555192113054410e-01
-7.185303044615543033e-01
-1.985071370430258053e-01
5.211476403571435601e-01
-4.888044054270452854e-01
7.421319260478429491e-01
-6.969828222376881488e-01
-1.785791578781366074e-01
-2.461347690377322373e-01
-4.786705086165599088e-01
-9.181099690078953213e-01
-6.777597045607115511e-01
-9.317892682077451028e-01
8.153553023820541146e-01
-7.906832928092257795e-01
-5.195012221425470145e-01
7.087362814820463708e-01
2.935347364452280949e-01
8.223120425608241302e-01
2.012236775095417318e-01
9.174458046242712772e-01
-6.955062243843606051e-01
2.380076546782097235e-01
2.622540858803172892e-01
-4.082956998993998443e-01
-7.689196274932355024e-01
2.396324673809528960e-01
-3.210605935547901080e-01
-8.386795925968479892e-01
7.008963237548893055e-01
-2.338597464061509257e-03
1.123958307207046925e-01
2.717374784058081971e-01
9.470997343511604605e-01
2.836038251509245267e-01
