5.708719904796961675e-01
2.378315740139516077e-01
-9.166354086834733739e-01
-3.035916088448948891e-01
1.166199997780015263e-01
-9.353153852362701137e-01
5.333748106928153376e-01
5.742752388215137671e-01
-5.671926281433619099e-01
9.609854167937070812e-01
7.512088909678649173e-02
-1.588039824585139037e-01
-4.685309295074009395e-01
-1.828231636056729670e-01
7.062840182070280193e-01
5.070174209932940546e-01
-3.483911177369836132e-02
-8.313434604703542341e-01
2.552445139801449159e-01
-3.504349801537507414e-01
-2.141709868689107843e-01
-7.771458646776119306e-01
2.705442902463592869e-01
-9.665480485061677118e-01
-9.089637294526209388e-02
-2.877386963533081765e-01
-6.060515725443493817e-01
6.706101361201235456e-01
-4.419049881654759648e-01
-1.874917567685883135e-01
2.327880255051337777e-01
1.614859012094975732e-01
-4.725988718926250609e-01
-5.171605149595477346e-01
9.747385438327331730e-01
8.814692395076331177e-01
-2.744870827067240615e-01
-6.014483711865614701e-01
8.507339291658504443e-01
-9.446193342127640058e-01
-3.058623228600234611e-01
1.004246002971616036e-01
5.784674835427172646e-02
2.855456441908297283e-01
-5.568286599834524342e-01
-5.094236697801708402e-01
2.137595918259584948e-01
-2.509292216896685801e-02
-9.277735948754073370e-01
1.421153423871024390e-01
5.048489260520931943e-01
-1.820661212506831106e-01
6.267221353888139390e-01
-7.994071254712853403e-02
4.102271563088004669e-01
-8.355156321629242377e-02
5.403572344203446676e-01
-6.442692368574767237e-01
-2.107810745101827976e-01
-3.065121320042454300e-01
-4.454907918484363183e-01
-7.030836468561278974e-01
6.884617567428454876e-01
-7.361565754045051868e-02
-1.126845719365714427e-01
-2.780498903993386950e-01
4.543377751538824061e-01
-9.254690006696388860e-01
3.173088118317650697e-01
8.232912422938050145e-01
-6.975118159952520269e-01
7.545630063763251183e-01
9.971469256727027997e-02
7.754518020508258669e-01
-4.162393677952545001e-01
-8.439108671682116203e-01
-3.881078044079406819e-01
-9.849251823988358634e-01
6.991038528527926399e-01
5.045252023329709345e-01
5.523787380641942413e-02
4.373463667821357870e-01
-9.747719080962473637e-01
-5.725476231017039286e-01
6.049688704111999549e-02
-9.160471033959227682e-03
3.426004495703180996e-01
-5.756294262170580378e-01
7.979201749129953836e-01
-2.193041318622008795e-01
-9.079521116043360873e-01
-8.024407954445778035e-01
3.633441723980581628e-01
-9.772511909641736771e-01
-8.475536392752380799e-02
-5.659414440013699199e-01
3.028775863836890014e-01
-9.081345918709262666e-01
4.462969489912529397e-01
4.470935060127070315e-01
3.144815861390946043e-01
-2.723293257014880453e-01
-9.424896436684202516e-01
-6.679768550422289231e-01
1.156230714456998321e-01
1.104763870177709606e-01
6.601081271941497963e-01
-2.222801186732636936e-01
-4.913575381113584051e-01
-3.404733459237954118e-01
2.547098684650823675e-01
5.246173835073342229e-01
-7.601536446094399047e-01
-7.568353320885969904e-01
2.270578382450469945e-01
-4.339073151005499174e-01
-1.513261673232220161e-01
3.080310356816415851e-01
6.268662507744797718e-01
-4.693986170789823387e-01
4.534300700822488928e-01
1.486059650947195721e-01
-9.090480669970473215e-01
7.132293511670040331e-01
7.044487895364246466e-01
-4.846982047297134777e-01
-1.426216471132346619e-02
7.155807790554939984e-01
4.214160309829138029e-01
-7.245642532910323563e-01
-1.553774899167832402e-01
2.440772848087113811e-01
8.252620673917654415e-01
-9.196849469694619028e-01
-9.359905922322624416e-01
1.786859612270437214e-01
-9.134644093929313868e-01
1.903369165610544478e-01
-1.269361046559807082e-01
-6.963453501340168827e-01
9.407231373997837487e-01
2.023083825127325319e-01
7.401529589682085408e-01
2.338730042831278499e-01
-4.933041317868631648e-01
-3.070459574951600601e-02
-6.549800275257229298e-01
-8.213614209477237971e-02
6.623639523487390157e-02
4.349144307908128226e-01
-2.103816327499634653e-01
-1.399379952339974142e-01
3.513421445946753874e-01
-3.289714512285406567e-01
4.917764354669134086e-01
-5.118713413576490012e-01
3.131800187844095973e-01
1.876909317917907494e-01
6.504175792677351353e-01
-7.258551846624687887e-01
-7.884949624303478899e-01
-3.469159710759717186e-01
-8.947442298609940003e-01
-5.412834205941787769e-01
-9.175555351958124550e-01
9.749024139308637427e-01
-1.640986058103113265e-01
1.956316548625365304e-01
4.739114758740119449e-01
-3.399938422721924258e-01
-6.902836027812051523e-01
2.592452069485062793e-01
-7.480109353780615145e-01
-2.081516319402962889e-01
-4.152944969329863678e-01
5.086623735757742626e-01
-5.211396838293362865e-01
8.691804364487714096e-01
2.656961056278479560e-01
2.143819109860007899e-01
-5.224331038476157651e-01
3.585057547635435160e-01
7.633385867756030674e-01
-1.556189870631152772e-01
2.296083599977061240e-01
2.710041198693624587e-02
-9.575247157029422862e-01
9.065036758821003460e-01
8.012877071605000179e-01
3.872997802232678310e-01
-3.527814662458637063e-01
-9.534670773260238708e-01
2.165697327174997966e-02
-4.486322348639391056e-01
-6.126689931426063662e-01
-7.985989291982062976e-01
1.397531574242365515e-01
9.007411246502525781e-01
-9.478863233999732518e-01
-9.730697751932717576e-01
3.567015525884860150e-01
-6.127356611506351580e-01
-1.894185351389545691e-01
-4.411888869498212795e-01
4.650149281878723784e-01
8.727559718371462605e-01
1.976475752695077137e-01
1.134030330948889720e-01
-7.018894412666554228e-01
9.814249162413313243e-02
-3.648589529726375957e-02
-5.090600261643682956e-01
9.254345134332111478e-01
-2.348424273519833516e-01
-4.714112715090004180e-01
4.779694135166605573e-01
4.848554625774266214e-01
8.918383263013296425e-01
-3.866490850124868484e-01
3.848050554317250516e-02
7.691925457882144990e-01
5.928723746885691259e-01
-1.807461318959757701e-01
4.860554141972772690e-01
-7.753042140683679140e-01
-3.946875668094664835e-01
1.528427020257934199e-01
8.945458696100367924e-01
-5.731127733037986172e-01
-9.074009811806822423e-01
-7.561551999845874672e-01
-9.547157693116243848e-01
-5.037494205372232692e-01
9.441996211751679802e-01
-4.938170128310632734e-01
6.501308337775397739e-01
-3.346636166430738690e-02
8.339640698164318966e-01
-3.556181718262361180e-01
7.987300095635752051e-02
-3.484387467440042130e-02
1.135188277033973847e-01
-7.756398657675243058e-01
9.502726533759489058e-01
5.622369211296984748e-01
-2.101585340399398927e-01
-2.152021512096768951e-01
-7.964297574342216191e-01
1.366784477453344415e-01
9.750862144721572644e-01
-4.176106416706506508e-01
-3.969180536227980838e-01
3.897272200796784158e-01
4.089533984038946635e-01
8.647486184396517839e-01
-8.962285964068157362e-01
6.039350466987096766e-01
-9.980843189263237658e-01
-3.163453921250214407e-02
-6.675004483360091889e-01
9.513291860329142757e-02
-4.892225891019850170e-01
3.320808682710152393e-01
6.625022244589480191e-01
4.768468347916143824e-01
