-2.436468041512829252e-01
1.078962414536579484e-01
9.565343783024273794e-01
-7.829728090095160464e-01
2.069478322955076166e-01
2.921253368676939299e-01
7.659668776829902104e-01
9.951268617078197209e-01
6.363248920477504456e-01
-9.328627864269816161e-01
7.043883390904246422e-01
-7.487946009760064747e-01
2.546894763681690765e-01
-3.103451602143507682e-01
8.448143877834581872e-01
1.943907556042705487e-01
5.128131908007573792e-01
7.667670087090219244e-01
9.174898160907309919e-01
-3.680779078457687703e-01
5.013846829352663903e-01
2.157921921049217318e-01
-8.239039729014081548e-01
9.411599081323342997e-01
3.471084074969776889e-01
8.950555637903319095e-01
-7.250841318935046242e-01
-3.239764512899325766e-01
9.668012495599793699e-01
8.175874018129858367e-01
5.638485453591230989e-01
8.817754611090242722e-01
-1.070350581393377798e-01
-7.811794201177209018e-01
2.040227336572031369e-01
-2.600949771398275434e-01
-7.177382599844084332e-02
3.321604192591494087e-01
-8.176495176968456846e-02
-8.745643463786332283e-01
9.536893377305379893e-01
5.562243517625991007e-01
7.179566159075612131e-01
8.316076336884674625e-01
8.782393946693565212e-01
1.807094914199796065e-01
2.188538381040221470e-01
-5.093479107648859472e-01
3.005024020248423522e-01
7.629150837622402648e-01
6.066151179020513595e-01
-8.137631033216838894e-01
8.212746623162092696e-01
1.590778893319868548e-01
-8.568333274637776054e-01
-5.287007161317482939e-01
3.717145050284691443e-01
3.068493186027740904e-01
-2.612152030019465609e-01
-1.582018979266797132e-02
-2.547306354995604316e-01
7.340691791991604820e-01
-3.090831313461135377e-01
6.508687763160427853e-01
-9.794560180487115186e-01
-6.316380751696073492e-01
8.499710834957996397e-02
-4.779714210288290577e-01
-2.917875872021857830e-03
-7.576831704972910586e-01
5.654117279331996038e-01
-3.763673630747736976e-01
-2.141379372746743392e-02
7.178791710811855964e-01
1.120088349092682733e-01
6.164792558806817535e-01
-3.302772006100740398e-03
-4.073131401918232974e-01
5.958035793948421865e-01
-2.373233676349935095e-01
-9.233471380291446984e-02
-2.965382275106958065e-01
4.213307712354539269e-01
7.678258558658539457e-01
5.080063506682019892e-01
-2.306993140623192495e-01
4.116255800055488301e-01
1.702081952187206593e-01
7.738503882621274865e-01
7.659123773625187148e-02
-5.668507314599411373e-01
-7.207432538001321554e-01
4.136807143242267060e-01
1.869633580654950222e-03
8.959538248512151082e-01
2.509401944373048643e-01
-7.810967624266424991e-01
-1.322054969259922608e-01
7.086883745385272881e-01
-7.754311333637604609e-01
1.400679644411590985e-01
1.905467467222980993e-01
-9.313168910039300030e-01
8.941520970756702269e-01
6.590764422496810937e-01
2.411526602627194205e-01
-3.337494382033414642e-01
4.679237597068304222e-01
-1.843605193790176511e-01
-4.371517356609133653e-01
8.365046821292643209e-02
7.794603092873626515e-01
7.248302643713033788e-02
-1.493473787730072999e-01
-1.843200969914526866e-01
-4.365401456794653079e-01
-7.845584367346822852e-01
-9.256476809234734926e-01
9.840234805187009215e-02
-1.608828432214381987e-01
3.762909488558248139e-01
-9.832785521666336237e-01
9.516315187599790892e-01
-9.346436259117978373e-01
1.495610790993717742e-01
-8.510235032654334120e-01
-1.304900462198932409e-01
2.901175224776011419e-01
9.210196144911051430e-01
-4.399370521335288498e-01
7.395514679083570186e-02
8.963227347744580076e-01
2.380564543121452825e-01
3.498497774027697904e-01
-1.556477212811091526e-01
-4.269109750722801522e-01
-8.023244723049502980e-01
-2.551823323189079673e-01
-1.527750626226684894e-01
4.693272496911944369e-01
9.805105404539073977e-01
-5.577783381136018903e-01
-8.354727746691408274e-01
9.639172002108860049e-01
-6.822060193308177034e-01
-7.241653176689402116e-01
-5.597201935094759939e-01
4.531360326011957262e-02
7.618856160680127498e-01
8.555048427285105728e-01
3.692024027794948982e-01
-5.723598816216945995e-01
-6.638443205931205959e-01
-3.193915281618275870e-01
-3.305441451099717654e-01
2.161487584172243626e-01
4.452492612298275532e-01
5.039070832331968841e-01
9.011152284207197827e-01
8.178809363169294855e-01
7.126224353805588052e-01
9.740646784921469514e-01
9.905396240648254302e-01
-6.247738299269793849e-01
2.908999476503917325e-01
-6.967542408596916204e-01
2.105676790232025031e-01
-1.340149946566291383e-01
-1.443712419651954626e-01
7.267392652034110334e-01
7.110434716482261219e-01
-2.747403825178831305e-01
-8.584987126873422358e-01
-4.282672461083778526e-01
-5.738333677512774678e-01
5.608566484251529261e-01
-6.326265703516706917e-01
-6.961346299685367001e-02
5.230957404274123590e-01
4.056926659435875493e-01
-6.240791083362393632e-01
5.923477361108269168e-01
-8.959547026012200099e-01
4.856033762742781867e-01
7.965127616981717562e-01
2.354242442673768476e-01
-4.666164491860578245e-01
-6.013220912806254148e-01
-4.956373873744910341e-01
8.594181101223814512e-01
-6.467912267883575428e-01
-5.657690855484438508e-01
6.234904916819572485e-02
5.073388080891620966e-01
8.916083416175224485e-02
7.772129366212761070e-01
2.634411032982340028e-01
-7.378480912991645102e-01
-7.451992993910665497e-01
4.347478783200271479e-01
6.956508837339354656e-01
8.163522919546724044e-01
-4.767105722405071688e-01
3.424974523528994119e-01
-9.775085939603345153e-01
5.401819194442549765e-01
-6.202926347646646743e-01
9.711782008868061755e-01
-3.326882377688618053e-01
7.323973121630857896e-01
-9.547698639016668487e-01
4.093516656670346254e-01
8.875007749315859673e-01
1.035113990209655110e-01
-7.603592912331529341e-01
-3.922989239304763842e-02
-6.536091838626607586e-01
4.729935351060858828e-01
3.112789911047895153e-01
4.773596396295836097e-01
7.089120413098457529e-01
2.908381486922866355e-01
1.187480811860552876e-01
1.076155503212423703e-01
-4.152017868188617733e-02
3.968287854785323976e-01
1.785764505701536997e-01
-4.961234950555286627e-01
-8.214620302204069802e-01
-1.724487837966026671e-01
-3.708125330999105795e-01
-7.459416209072025072e-01
7.892975712279752809e-01
1.916809111631323503e-01
-1.207378358253796691e-03
-9.725508071371713470e-01
1.514212617167018937e-01
-7.473300859234650595e-01
8.924741079719176184e-01
4.960925996163942919e-01
2.049914411148483495e-01
-8.042361756534015527e-01
3.370084814637612780e-01
7.239772520026677149e-01
-6.483449190815409047e-01
7.702171318150559109e-01
3.114847109219054389e-01
9.196843346329084401e-01
8.427695150208627251e-01
-5.450464130085417302e-01
4.180747815719318972e-01
-6.823741979472348618e-01
-7.418854660084834851e-01
7.679886920252798621e-01
-2.117922835011791793e-01
-2.638597327823362093e-01
4.666115136270021502e-02
-7.405772762266678022e-01
9.808344823653150080e-01
8.099769207957345785e-01
3.174047224256997257e-01
9.023253523977283752e-01
1.813300046087185091e-01
-7.015709004530767956e-02
-2.978845440157653623e-01