5.649768555734513420e-02
6.134976024243159465e-01
8.315057570114390284e-01
-3.511533284795167464e-01
-4.298999887475050130e-01
4.709723671627108477e-01
-6.483836883945963692e-01
-2.878202980003825573e-01
-4.575479888969142817e-01
-1.939857179201365245e-01
-9.885161558574360186e-01
-2.335516872163396762e-01
9.739351038746497657e-01
3.962752062221186478e-01
-7.544972731696693025e-01
-6.037239495468462724e-01
-8.384337302335920228e-02
1.251070135492917679e-01
-6.520010001450557979e-01
-7.306277906443312542e-01
1.705238664726502762e-01
-6.864070476761270356e-01
3.860049914231995505e-01
-1.206447538944854792e-02
-6.888683711614724814e-01
3.452088570618061514e-01
-1.756416710935841952e-01
-1.015314727948644080e-01
-9.210673648688150195e-01
-5.895974166553232809e-01
-5.221473418427446944e-02
9.398479613075820804e-01
-5.721082015793061970e-01
8.362819478445695509e-01
3.777274554163214670e-01
-6.950777247089203748e-01
-2.805902859702507079e-01
2.885381549008203539e-01
3.023449652857057579e-01
-6.109342474250560873e-01
-1.165697755919379297e-01
-2.755150948415907575e-01
6.894811078041913621e-01
6.529167232029713386e-01
3.882725202238690443e-02
-2.919461901322195629e-03
-4.939848103661605982e-01
-6.446878811977196921e-01
9.674148306201426628e-01
-5.134737192437375253e-01
1.100062384199502752e-01
7.311665462910883484e-01
5.720787530614541705e-01
3.303431753331136367e-01
-2.100425255240923050e-01
-4.500678869360634771e-01
9.764760179692988373e-01
3.537096159781165650e-01
4.469648046900849270e-01
-4.540032124517106027e-01
-2.074284477961287898e-01
-5.754058317404278089e-01
-7.453353602872481165e-01
6.940966435877080620e-01
5.220086189823949230e-01
-3.730365817185463673e-01
3.601696328727082008e-01
8.043983800374066018e-01
-3.055991455904245591e-01
-1.162265147094292406e-01
-7.366844129297605015e-01
-6.669147723549475604e-01
1.731284214135182520e-01
7.971035122586858090e-01
-5.372393732680031952e-01
1.190866571303583754e-02
4.161665786176433901e-01
9.767573780378302484e-01
-5.354397248346429716e-01
-2.554702187932529345e-01
-9.962490906058751872e-01
4.867762014293171013e-01
-2.851087235844484979e-04
-8.870609377059701650e-01
9.887185983443653736e-01
-5.419887800523675025e-01
-2.479267777517251137e-01
3.557546946928527021e-01
-5.517556613131224807e-01
3.795314415425574683e-01
5.032895705654316654e-01
-3.625129748523308049e-01
-7.720369614108548717e-01
-7.397230739206475114e-01
-5.821413930062742104e-01
4.481921587220634162e-01
-8.100042473710624691e-01
6.952893119103276121e-01
-4.648906876964995494e-01
4.593950841747873604e-02
-3.056729580896964116e-01
3.764840277541716684e-01
-7.443476152283012848e-01
-2.153485494840559067e-01
8.842476097668996449e-01
-1.620212675118020140e-01
2.963115286331441389e-01
4.224880919327054229e-01
-7.368737395074735907e-01
7.437828854320960303e-02
-6.081219755791622550e-01
-2.516087982902783793e-01
9.744719037903297743e-01
7.324736262117927943e-01
-2.076398069481721897e-01
-5.557297686200102227e-02
-5.182899652032262328e-01
-3.335434675987920539e-01
-6.406561402954125128e-01
-4.470445315242665973e-01
-3.177510959963072423e-01
-1.525397416738820677e-01
-2.936465588558827555e-01
-9.830949377853264171e-01
7.136937286374323008e-01
8.461001330405515386e-01
-9.820781964813725118e-01
4.771921952568403125e-01
-5.577289498530895173e-01
-4.073256326509435699e-01
2.674846263777679312e-01
-3.787252075750924263e-04
-1.853207441537978450e-01
7.839363441148738954e-01
2.995545092131450815e-01
-7.037241629145094546e-01
-6.041809465970420234e-01
6.260903720841990427e-01
-6.046735982951114696e-01
-9.660129950550062627e-01
4.352009610691609520e-01
-4.068929703796220210e-02
-8.599603483131654791e-01
-5.283861058340191263e-01
-2.891233867642086786e-01
-5.351022838426970907e-01
1.413034080666912828e-01
-1.202833220254113655e-01
-8.788270788737024830e-01
-2.952529400202725807e-01
-4.528427814431259524e-01
2.205920771106884004e-01
6.617908397211389460e-01
-6.546193084937825812e-01
9.501045945777699675e-01
-5.008549984299348612e-01
8.291838463981122676e-01
-6.766622518131895081e-01
-4.628894507666918567e-01
-7.023787985690934654e-01
6.613690979393282987e-02
3.552451854059768266e-01
9.252352312622291741e-01
6.605074808425295263e-01
6.419941309939902752e-01
-6.157593100910552231e-01
-8.377151210878404086e-01
-3.077110813524790434e-01
-3.630636511376472697e-01
-9.259979921971448480e-01
4.048529845078823186e-01
-6.576509323795700634e-01
-2.674093752292658888e-01
-4.067053904816391174e-01
8.927297879411664194e-01
-4.920824062524127296e-01
6.815603163155512512e-01
-8.577426470569382566e-01
-3.867497095801295526e-01
-2.974396822610811952e-01
5.361903812479806852e-01
-4.979513595952815841e-01
-3.486085881570570866e-01
-4.120475396449909677e-01
-7.564257456844383221e-01
6.390665276857239174e-01
6.542211555549137803e-01
-9.280192750180455974e-01
-7.565892136269132262e-01
5.232226426020372134e-01
9.251517758184788498e-01
4.093506406074076676e-01
-2.255793894872200056e-01
5.424821789077227674e-01
-6.342123786799120921e-01
-4.111058691685653965e-01
3.601449748068998868e-01
7.335659434791308442e-03
4.581935777022538847e-01
-5.336875899141468871e-01
-5.533262146592303754e-01
-9.648868260711100930e-01
-2.429733994803429109e-01
-1.160881343136213051e-01
-3.715829838249493644e-01
-9.647734056994508034e-01
7.325403625611126568e-01
-8.654838815658816298e-01
5.129133312444666970e-02
1.702816124313724089e-01
-9.435274042450352283e-01
3.620689784938284639e-01
4.102576406671800680e-01
-1.596801462938046701e-01
1.719193063801576216e-01
8.172057270164225784e-01
5.671633109838092324e-03
7.145588499639243807e-01
6.833407933487101182e-02
4.517678903985344885e-01
-6.382694206055896657e-01
2.085473777861723832e-02
-3.766805575515130844e-01
3.743931007844865100e-01
-3.138735876797862367e-01
-9.051604026082427090e-02
-8.737409488970271365e-01
3.254408631056275869e-01
-5.284638298201929096e-01
-9.955224064120054006e-01
-9.348659463450068596e-01
-3.807410245314819530e-01
-4.613834337514719497e-01
3.380557074566989950e-01
4.864692840131352725e-01
2.290617482980044084e-01
-7.955675799716550589e-01
-8.662468352399261828e-01
9.251870801962853719e-01
3.209596697245995500e-01
-4.565176081891819670e-02
-8.926202845007813469e-01
7.194289894239425109e-02
5.454204762285541630e-01
-6.483970079745000614e-01
-7.729341048615365750e-01
-4.093482371034227185e-01
1.649125405069389316e-01
8.824185602346523716e-01
-8.394728780742077845e-02
7.787075938559027133e-01
4.345150811417537451e-01
9.787042160269880942e-01
1.687513159458380319e-01
-7.654705352038042587e-01
4.947689410773878915e-01
-1.411425790000198077e-03
9.549254307454890789e-01
3.306456964893225159e-01
-6.466856176739723683e-01
8.886141566721057483e-01
4.557568995908898302e-01
-4.314347430577667453e-01
-6.049831878569449373e-01
8.484364525228862419e-01