-9.404224504253930750e-01
7.120263520513749889e-01
5.284826464378826749e-01
8.263336315683429412e-01
5.052680127267059618e-01
-1.007216976383711327e-01
-2.703483244469069291e-01
3.938804275955289924e-01
-7.741907385051838286e-01
3.392249305994998743e-01
5.166812692374631588e-01
-3.117978066248279223e-01
4.476906867124448297e-01
3.384712828730924716e-01
-8.981053064098252214e-01
-9.586547126658817586e-01
5.829873037018489246e-01
-4.666732181559574144e-01
-8.208469695200406591e-01
-4.687461047516288115e-01
-7.359483376022235568e-01
1.978677328831248694e-01
2.792606354463376128e-01
-7.389842932924493013e-01
1.413558539211092757e-01
-6.905370618514927727e-02
-8.605233343485518827e-01
5.193901605608870486e-01
1.363890505381306628e-01
-4.111292977082756650e-01
-2.600338719439798663e-01
9.848269646301857083e-01
-1.313741780980426377e-01
6.940258947016753055e-01
8.416519196496374811e-02
1.396466192490530833e-01
-5.847642840369893236e-02
7.399898292035715919e-01
-9.230961508505994839e-01
6.297416328527276619e-01
-5.242960479531371121e-01
9.629891094065536894e-01
-5.153507984739413850e-01
2.179838559984423885e-01
8.028228561257189089e-01
-7.564330148109410512e-01
3.653970584069612393e-01
-4.030901174215995031e-01
-2.503653739534899003e-01
1.102068377549698663e-01
2.541116962254119649e-02
-1.718214701217399831e-01
2.791130418975220628e-01
4.694360064726421644e-01
3.924075556876467363e-01
9.595193458346289450e-01
8.616729424113400704e-01
4.720989780685451720e-01
-8.431230412551824482e-01
2.997218330210422721e-01
-1.782712719835808368e-01
-6.320343794703726648e-01
-5.940614198622513609e-01
9.841799009166802836e-01
-4.147206877151325966e-01
2.788087370773757456e-01
8.772409693565674793e-01
-8.387444409317623695e-01
3.106563115950840004e-01
4.013255547653111766e-01
-1.837131932345710261e-01
-4.472421500181951171e-01
-6.247759754321975390e-01
3.323820008274072091e-01
-8.144337427139851648e-01
-8.694586564774104964e-01
-4.922832675367769806e-01
8.082103229095889407e-01
2.003667911513029587e-02
-2.955798705135841420e-01
6.605456234536630777e-01
-9.425676387400110379e-01
1.945515076048796033e-01
-3.002844418049510633e-01
7.466811218608104816e-01
3.139818518031149974e-01
-5.801251089280183848e-01
-3.138224157920870283e-01
1.881526832253532788e-01
-2.888647817359435432e-01
3.069685956512291369e-01
-9.927598338025223068e-01
-6.037313648279505340e-01
-8.313872051174509004e-02
6.718833082251736144e-01
4.217024863976537308e-01
6.236195986567638627e-01
-7.538943126474864087e-01
-3.659492253182805577e-01
2.036624268374764846e-02
-8.356694450872748092e-01
-2.565644431688853810e-01
3.505084473772306364e-01
-9.968852571258590700e-01
1.498009172923648880e-01
6.217554744221829299e-01
9.062798017385693683e-01
-4.010752636976218088e-01
3.898896020442463861e-01
-1.877865624450396620e-01
8.995130157025461592e-01
-6.042517198973587078e-01
7.290231364607147047e-01
9.076245788003656223e-01
4.486798621776599827e-01
-4.683030959980571950e-02
4.576581316906702668e-01
5.974241718056427786e-02
2.700056922478657473e-01
3.271188654600940549e-01
-8.849431062725050534e-01
3.620820436435934209e-01
-4.480802171313391646e-01
2.813982250002160512e-01
-3.060918069145501796e-01
2.273164469845356805e-01
-8.096528909154450115e-01
2.963070382219987753e-01
9.245835946394953542e-01
5.394540968090641986e-01
-5.419350429101392752e-01
9.075337012493418509e-01
9.882570985243166461e-01
8.577051180269390507e-02
5.899627504072468831e-01
-6.277573915735459309e-01
9.957146780578749468e-01
-8.891184243095131556e-01
1.459997375196446789e-01
5.018165349839600609e-01
7.333722882187430070e-01
4.191053198463356999e-01
5.623169744979277240e-01
-1.396684950909266032e-01
9.500809423928895381e-01
7.339167364159042695e-01
-4.729125706198418211e-01
4.337608826662231465e-01
4.134154113136854214e-01
-7.568459500921020933e-02
-3.989500216520136533e-02
4.387931223747087994e-01
6.758410016727733893e-01
6.324092155614324806e-01
-3.764514014795232733e-01
4.996825947118659350e-01
-3.435277956903173280e-01
-4.081491410464059832e-01
-5.619993631592115069e-01
8.652265115717832078e-01
5.462325434953023695e-01
9.639770904441584687e-01
6.619856092444147411e-01
-1.010009445251660587e-01
-1.184366004876198364e-01
3.429913824784829313e-01
2.905760093952181045e-01
-4.693311726049431698e-02
-6.172341404879286841e-01
2.303215529722246746e-01
6.770072085961811315e-01
8.933471564846422464e-01
-7.480109353780615145e-01
-2.081516319402962889e-01
-4.152944969329863678e-01
5.086623735757742626e-01
-5.211396838293362865e-01
8.691804364487714096e-01
2.656961056278479560e-01
2.143819109860007899e-01
-5.224331038476157651e-01
3.585057547635435160e-01
7.633385867756030674e-01
-1.556189870631152772e-01
2.296083599977061240e-01
2.710041198693624587e-02
-9.575247157029422862e-01
9.065036758821003460e-01
8.012877071605000179e-01
3.872997802232678310e-01
-3.527814662458637063e-01
-9.534670773260238708e-01
2.165697327174997966e-02
-4.486322348639391056e-01
-6.126689931426063662e-01
-7.985989291982062976e-01
1.397531574242365515e-01
9.007411246502525781e-01
-9.478863233999732518e-01
-9.730697751932717576e-01
3.567015525884860150e-01
-6.127356611506351580e-01
-1.894185351389545691e-01
-4.411888869498212795e-01
4.650149281878723784e-01
8.727559718371462605e-01
1.976475752695077137e-01
1.134030330948889720e-01
-7.018894412666554228e-01
9.814249162413313243e-02
-3.648589529726375957e-02
-5.090600261643682956e-01
9.254345134332111478e-01
-2.348424273519833516e-01
-4.714112715090004180e-01
4.779694135166605573e-01
4.848554625774266214e-01
8.918383263013296425e-01
-3.866490850124868484e-01
3.848050554317250516e-02
7.691925457882144990e-01
5.928723746885691259e-01
-1.807461318959757701e-01
4.860554141972772690e-01
-7.753042140683679140e-01
-3.946875668094664835e-01
1.528427020257934199e-01
8.945458696100367924e-01
-5.731127733037986172e-01
-9.074009811806822423e-01
-7.561551999845874672e-01
-9.547157693116243848e-01
-5.037494205372232692e-01
9.441996211751679802e-01
-4.938170128310632734e-01
6.501308337775397739e-01
-3.346636166430738690e-02
8.339640698164318966e-01
-3.556181718262361180e-01
7.987300095635752051e-02
-3.484387467440042130e-02
1.135188277033973847e-01
-7.756398657675243058e-01
9.502726533759489058e-01
5.622369211296984748e-01
-2.101585340399398927e-01
-2.152021512096768951e-01
-7.964297574342216191e-01
1.366784477453344415e-01
9.750862144721572644e-01
-4.176106416706506508e-01
-3.969180536227980838e-01
3.897272200796784158e-01
4.089533984038946635e-01
8.647486184396517839e-01
-8.962285964068157362e-01
6.039350466987096766e-01
-9.980843189263237658e-01
-3.163453921250214407e-02
-6.675004483360091889e-01
9.513291860329142757e-02
-4.892225891019850170e-01
3.320808682710152393e-01
6.625022244589480191e-01
4.768468347916143824e-01