9.232169131117919925e-01
-4.950264913024979840e-01
-1.040589564133043154e-01
3.427433658076730616e-01
-6.805596105492812686e-01
8.528439036568591369e-01
3.302223068267551298e-02
-9.500491924250011877e-01
9.354128310291351944e-01
3.216433170960100174e-01
8.641481045386969484e-01
-4.151367362227440516e-01
-7.539511796482725181e-01
1.711935766930967606e-01
-2.478750110120240269e-01
1.574573083015917696e-01
4.765038419805371905e-01
-1.897931160013006657e-01
5.370281246179577916e-01
-7.966042430321684797e-01
-6.602486309473132309e-02
7.839021908137289163e-01
5.194038601260331234e-02
3.940122098832254949e-01
4.712391832884099685e-01
4.546982391942864243e-01
3.616897712207005622e-01
-9.486438812943054355e-01
-7.713094899857126929e-01
7.114962869980141491e-01
-7.191561938568558077e-02
-1.884434929750711252e-01
1.842756934101488220e-01
-4.196963939563511659e-01
-1.148284275910438357e-01
-1.943285441806232861e-01
4.983421860266021852e-01
-3.847139643237982298e-01
-3.219467372492423873e-01
-8.782517988922760033e-01
6.835991098001930055e-01
-1.703075063065395689e-01
-1.872554464949098829e-01
3.133399040216817699e-01
-8.984523960963746170e-01
7.055094319148111914e-01
-5.148791264652352595e-01
5.641288547011971133e-01
5.264258092236018260e-01
5.561329175373419531e-02
8.152973949073416549e-01
-8.161908647625331081e-01
-6.288774122170086578e-01
2.079299976290200913e-01
-9.182290755828637074e-01
-6.434737083706769667e-01
4.255101002928496357e-02
-1.973046417404422659e-01
-3.826823509991992278e-01
8.822545474351237704e-01
4.792935813811418644e-01
-7.502282542037861379e-01
-3.460750683874915801e-01
8.490262203318919010e-01
5.471469416480045922e-01
-2.480717246570318668e-01
7.733802960905067359e-01
-1.747073597838921799e-01
8.404691458810127358e-01
-1.602430706182751408e-01
-5.727246334553577345e-01
9.391357039848442501e-01
-1.561065808848767222e-01
8.989240460301848312e-01
3.102279760836808009e-01
3.020728344937102516e-01
5.313129064669497303e-01
4.882858712470339313e-02
-1.168338470093077675e-01
4.424079667899090129e-01
2.091082615524282318e-01
-3.901314116799079468e-01
-8.628863080136592867e-01
5.067712049691319720e-02
-5.037514985393998224e-02
1.052385089691667552e-01
-3.022840870726786200e-01
-7.060751325941556633e-01
7.345400326319877493e-01
1.785292681202703680e-01
-5.483777757262979780e-01
-6.788173314723755514e-01
-1.980073202219181372e-01
6.140197989730851180e-01
-1.514268843107644535e-01
-2.303819636262061099e-01
-6.720328313690138167e-02
8.261058515063779417e-02
8.157574449180331477e-01
-4.104965053255666962e-01
6.017164887300434639e-01
7.655600249339598040e-01
-7.735250014545824726e-02
-4.813034096600892209e-01
9.983733461939812148e-01
-4.682606612904649523e-05
-2.802299254932294481e-02
-4.951471059166998590e-01
3.193934300011542771e-01
1.632008571736041080e-01
-9.055082863800201221e-01
-2.800979116671171720e-01
-6.460519300774341112e-01
8.993610847565369770e-01
-8.858065597639885880e-01
-3.245735622556380484e-01
7.279191735995198531e-01
-9.400562417964488660e-01
7.519521704184706223e-02
2.804464837566840174e-01
5.616839389554235673e-01
-3.340981354602752251e-01
5.713596197036336921e-01
-7.881337126734340170e-01
8.558397580429957241e-01
5.198776996598191147e-01
8.252505379147301312e-01
2.688741910642138411e-01
-3.282147709674689828e-01
7.533895815595264001e-01
8.609727862857019520e-01
3.967653740284537989e-02
-7.694563430242855606e-01
-2.523833995878539405e-01
-3.623444696936797271e-01
2.283048110693204347e-01
6.445180844568527689e-01
-3.715264920928433856e-01
-4.032630847629001813e-01
-6.488957276981170974e-01
-5.023960695748055372e-01
-5.082489435510566533e-01
4.362891732910676446e-01
6.080167282346977675e-01
7.291725993972739683e-01
-3.221802708457561781e-01
8.155149350168859890e-01
8.727894127748225817e-01
3.171951367343019967e-01
2.472303494275778224e-01
-1.551401923813369166e-01
9.286657799671815816e-02
-3.381510585486990905e-01
3.277970454934735489e-01
9.110687777676291788e-01
8.501827733455649128e-01
4.719840710679663598e-01
-8.579011024545364350e-01
-7.219449254792449366e-01
-3.918698039618806472e-01
-9.493758469978261783e-01
5.579011745609196993e-01
-8.979203747059463225e-01
-2.631726685016257949e-01
-1.253883802988349228e-01
6.725730507466833874e-01
-5.165377176646221979e-01
-6.633729164499639896e-01
2.208453049760696896e-01
2.794683587727564422e-01
-6.434043492116627849e-01
-1.113838633685231283e-01
-8.841262309552324616e-01
7.181206190115787535e-01
3.113598083476243339e-01
6.672441961956623313e-01
-4.572319997407188197e-01
-6.929545304216808699e-01
-9.629220214417517631e-01
9.577453667819901817e-01
4.057132500879658821e-01
-2.616493524938949822e-01
-5.266363315820286051e-01
-4.112909476107600160e-01
-2.519856491294234502e-01
-6.478569250964578696e-01
-1.222866544247325216e-02
-9.181739948192855216e-01
-2.289324270532355765e-01
2.445012914265036752e-01
-1.380467481972913468e-01
4.836751716717033744e-01
1.717317104168980535e-02
-3.557046886471513236e-01
8.308305468831973517e-01
2.356581011531935221e-01
6.932698143430278126e-01
4.490600205729973204e-01
-6.819479276854945038e-01
-1.569955217809015924e-01
8.134779689760214261e-01
-4.776968096983003065e-02
8.613430875761274308e-04
2.919339712014910049e-01
8.226867293796238378e-01
4.573242668136809908e-01
-7.847779010285926837e-01
7.146942507890323704e-01
-2.263894097759113766e-01
-1.875786764555633646e-01
-9.560433118149718190e-01
-9.131317902573443668e-02
7.688162543033045804e-01
7.780708045668318640e-01
1.072122178186638575e-01
-3.594792855157096234e-01
5.804269191376596471e-01
8.385240941097820144e-01
4.734164028164198346e-01
-9.204074683474372520e-02
-9.036345291626586285e-01
-1.606726523287616004e-02
8.884913614863012565e-01
6.363492211336878590e-01
5.349085641900175325e-02
9.239339574865554905e-01
-2.585055130843760818e-01
-2.082614888065676961e-01
-3.255451589976341431e-01
6.933539471871139614e-01
6.487075069203713795e-01
2.642989906973958192e-02
3.072915295849147910e-01
5.905191015618229677e-01
-2.959376375517748237e-01
-9.756982420432405156e-01
-5.644376341127541608e-01
2.031905326414495949e-01
7.459905398733419624e-01
2.572926688144017149e-01
4.811477822069396559e-01
-3.343949213102506146e-01
8.422872625064774521e-01
7.684131999913017541e-01
2.615284374217214935e-01
-1.633007447745071783e-01
1.785473079672470487e-01
5.327868627024094916e-01
-1.740153283608414370e-01
-3.814324683270000627e-01
4.407975370884709143e-02
5.177161108593568706e-01
-6.439961652955572546e-02
4.503702787358430104e-01
5.261743647122529843e-02
3.817582178979996854e-01
-2.032532193922165220e-02
6.561295921454377567e-01
1.193687825371181344e-01
4.524299788271646250e-02
-5.485192132834564305e-01
3.510918283459609768e-01
-5.547620615143666889e-02
-7.850218467296115055e-01
8.351221480283574916e-01