-6.981752250231478829e-01
-1.409523669369683319e-01
1.212665382115380996e-01
3.178089166647632968e-01
9.737342013767957827e-01
-8.058941977776667986e-01
1.638833347220436387e-01
3.546015725405158303e-01
3.966843223497416027e-01
-8.512039030421474362e-01
5.687056717733383060e-01
-3.891600414899671900e-01
-7.944301218445648516e-02
7.530727754878141500e-01
-8.853802289427057381e-01
9.584974392326188752e-01
9.881698238428284764e-01
2.514041644731226377e-01
5.613198417662217388e-01
-7.342762432401594985e-02
-1.170952301863703582e-02
8.467021813832544819e-01
6.476662622223765542e-01
-4.205088787737614187e-01
2.969284212882865592e-01
-9.508445446127473666e-01
5.021760512484303440e-01
3.842822591577461644e-01
1.236892204324020472e-01
3.467599311034093024e-01
9.452397836687205235e-01
1.789184703085258121e-01
-9.975832167550291452e-02
4.912083279481218590e-01
3.976483407828148575e-01
-9.399367517221000057e-01
9.744220302544657208e-01
8.673266947793714099e-01
1.384986539594068589e-03
8.576881272168821457e-01
3.847050069814501594e-01
8.589293932929973341e-01
-6.983840416592281830e-01
4.740989039686529516e-01
8.421804422068321916e-01
4.026815266505734403e-01
3.967741292865143432e-01
-4.239220091473889784e-01
-6.029595151032838274e-01
1.131340583824866908e-01
5.514295172531500366e-01
9.751608090556929120e-02
-4.085785213926564907e-01
-3.838404550048535313e-02
9.893638795854959866e-01
-4.406722915385241635e-02
2.500565235835361388e-01
2.398247167365341603e-01
4.525759710956760440e-01
-9.604876674826487992e-01
5.574233079901920185e-01
-3.123087044325094652e-01
-8.410413403492396078e-01
1.897306287906563860e-02
-2.464127913223523869e-02
-9.857463017533820704e-01
-4.410458320153838319e-01
-8.286690688885445244e-01
-6.740350013809359719e-01
5.766678632084563105e-01
3.421992600897922898e-01
7.233315101871866659e-01
4.035900851518943178e-01
-2.127855875399680130e-01
-9.591854416051326382e-02
3.672681962432504665e-01
-1.800613895587355184e-01
2.079597514880657805e-01
3.098550980266934207e-01
8.443001164534049696e-01
-8.024814385205525369e-02
-4.302368951446424727e-01
3.213358041521818809e-01
-1.284343505664176099e-02
8.159984966857571909e-01
2.274246554393231090e-01
5.292468288997629333e-01
6.254506655209324251e-01
-4.610372675004064114e-01
-8.342069332203347898e-01
-8.028699907819791814e-01
3.469377013092977968e-01
4.715216790052276785e-01
-2.941781994287131496e-01
-2.539915292797940705e-01
-3.333127406227331946e-02
-5.573378001828759309e-01
-2.835237671975485707e-01
4.847984429421141606e-01
-8.755345901351956339e-01
6.849056412939702465e-01
3.031347774125883188e-01
4.293220870323191107e-01
8.546371954357405709e-01
9.066225445241689052e-01
-8.335165570628322307e-01
-5.598489077229178434e-01
6.803097212388191650e-01
4.287366192426267375e-01
-5.131553015639769288e-01
-9.933394088293807656e-01
5.244212030823132142e-01
-3.836514971099642679e-01
8.891567370816875204e-01
6.364042816953530135e-02
-5.657520960610464833e-01
-6.438656492536176668e-01
8.035542896254590506e-01
-6.993775756835904911e-01
5.926962848065580047e-01
8.577905565561494416e-01
6.013771138768531088e-01
8.712163794785130477e-01
8.759799314443681428e-01
2.950889530875400180e-01
-9.250746473769211331e-01
-6.631813694069186305e-01
-5.804413032313662235e-01
8.968459144198939192e-01
-2.388774187400961591e-01
-8.655699969668597671e-01
-7.660309025416300877e-01
-2.062636811751650256e-01
-8.700209628574073761e-02
-8.265538177170315137e-01
-7.559939157702633139e-02
5.644811977562436134e-01
-2.564729333972206593e-01
-7.721677902173165187e-01
4.399972184043166035e-01
-8.889464044412893617e-01
8.903518117834758883e-01
7.184108474217905105e-01
9.826354853697050196e-02
-5.256857980757811966e-02
3.667519383455599691e-01
-7.982372225994736059e-01
-3.695991453501377144e-01
6.100482975561942744e-01
-8.482106848352224393e-01
7.495262195406950934e-01
-3.442781330027799847e-02
-1.519510414282145838e-01
7.316654094837431455e-01
4.182894159974701598e-01
-8.877630977573405247e-01
-4.224307365861694752e-01
9.365932690423512952e-01
4.705427770340042670e-01
6.542324658567055806e-02
-6.172854375000313976e-01
8.919346967892538558e-03
-3.971664455731196419e-01
-5.426913119613618885e-01
-2.518554455342025822e-01
4.142847817637509422e-01
6.584522626442748106e-01
9.739396147226344613e-01
-7.425772465037456804e-01
-2.251220539590799152e-01
9.982474434898185311e-01
-5.368143763693302706e-01
9.048099931422441955e-01
9.749570482856542153e-01
3.599059129734165641e-01
6.017974884401735558e-01
-2.188151976995080794e-01
9.412899090714996753e-01
1.273892441236121886e-01
9.369517948070655855e-01
8.110580351257008491e-01
-8.415329442513108660e-02
-3.545016175688842086e-01
-7.748881960702114213e-03
1.091345855290613009e-01
-8.071764497367404090e-01
1.080542897350695863e-01
-7.704013409826540038e-01
7.945131374840908034e-01
-3.232089106050277660e-01
-7.117625032972783039e-01
8.701342457528120633e-01
8.666429595847635614e-01
-5.674561639764856835e-01
7.719843664749277412e-01
-4.171506631554622313e-01
9.665656385757375180e-01
9.762326481785623677e-01
-2.823881339987426298e-01
6.683924466062778347e-01
6.304552469863566877e-02
-9.605399136958412409e-01
-5.505398176650284636e-01
7.477850796176255255e-01
1.252627402642116916e-01
-5.015377139390186922e-01
-1.815754070036090795e-01
1.067678394416466947e-01
-4.786482214149534453e-01
1.905323869925394931e-01
-3.537031247835964454e-01
5.473218422786196857e-01
6.377572447008861278e-01
2.162582548277192096e-01
6.235799802781689660e-01
8.210038477311920602e-01
2.380801103632843585e-01
-8.784521713436515000e-01
4.802236572952356397e-01
9.585508415188648268e-01
-5.005522140116764884e-01
-9.289961157721076113e-01
1.833135565139154544e-01
-7.768985426182650755e-03
3.244440835763258146e-01
-6.382339196929029956e-01
-9.351507780059606922e-01
2.828981374385910463e-01
8.223115361384183419e-01
7.790817946688044504e-01
-1.065889289066130896e-01
-6.302319425259650387e-02
-2.145830740734018249e-01
-4.027015597560712479e-01
5.349329917258491829e-01
8.927741408070735130e-01
2.161465906208770438e-01
2.691047324106903282e-01
2.058916688877110435e-01
5.833088352123312337e-01
7.452672453161890420e-01
6.207744483461712370e-01
1.453722467160911691e-01
3.932215814606001558e-01
5.533280290348521202e-01
-3.855248309726759803e-01
4.607977958397644347e-01
9.171911355179573899e-01
-5.356073135654493278e-01
3.367346463096398956e-02
-4.939166853335865692e-01
7.242076867531421769e-03
9.938307043446885647e-01
-8.295857566953701578e-01
9.514294487078522877e-03
-5.495732267939639204e-01
3.700052719567168413e-01
-1.794983442732922541e-02
-5.922111486969328098e-02
-1.528952585075198378e-01
-7.788969849918903066e-02
7.471947400684151308e-01
-4.960428500532674256e-01
7.567937291560578039e-01
5.263087244416426724e-01