5.089743093119691864e-02
6.337848383923256890e-01
8.796039730210702956e-01
-1.433290828062601108e-01
-7.143443495100427754e-01
-8.727361740412882263e-01
-8.797359025683451073e-01
-4.820858010029116514e-02
6.989899210190615442e-01
2.426756542892594126e-02
-1.826788028309940248e-01
-2.609595656151681986e-01
-9.637645032794579514e-01
8.561145860103946958e-01
-5.465032963536509136e-01
-9.655912101425268013e-02
6.183967049096557034e-01
4.952130847693232418e-01
4.795948797893276883e-01
-3.292456964530408037e-01
-4.060700480679002577e-01
-6.166717794467686531e-01
-6.903895988085650970e-02
8.491402590918442073e-01
-6.098017793750698523e-01
-7.678778572515723155e-01
-8.654133338218876759e-01
-7.439399526959209474e-01
9.285479253371349273e-01
-8.600063789300178563e-01
-6.898627597787836407e-01
-6.046252761544732568e-01
-7.702970260658765778e-01
-7.726137070600616052e-01
-7.783759487970769442e-01
9.982120791582818065e-01
6.816470866424877428e-01
5.951880422265458659e-01
-2.167127733853690952e-01
-6.686725056093423269e-02
-7.307884122366155033e-01
-2.461806141793942970e-02
3.701164796007261337e-02
-3.271611913878129663e-01
-5.904646746193482620e-01
1.133780317277233163e-01
-2.500852946129388243e-01
1.995977106936317469e-01
5.938075696962921146e-01
8.592320021674328956e-01
-7.223049445460500984e-01
-1.368369693977873336e-01
5.147146589549809192e-01
-1.298543192169019367e-01
6.206863573358443187e-01
3.584014540293902762e-01
-5.561052670707506973e-01
-3.820632900221103689e-01
6.625589123594717300e-01
4.866350436247321998e-01
7.286937758589684400e-01
-9.918290082836740407e-01
2.587605747035497394e-01
-8.509207116492671918e-01
-5.632580430808944438e-01
-5.503564172716104430e-01
-6.621600511899972119e-01
-7.299876523226498382e-01
-4.650503422151774924e-01
1.328444569493212324e-01
-8.516903740947625590e-01
7.103833089523776678e-01
5.154183673610281957e-01
6.670042426681148662e-01
-7.723646229846263811e-01
3.763391406330240940e-01
-9.171455370715941857e-01
-4.539866895610058517e-01
-6.416095925368110464e-01
8.131414521191402400e-01
-1.639471034057538024e-01
9.028372720519541872e-01
4.754059472502771833e-01
-4.000821360903967783e-01
6.821031948078419838e-01
7.647357391762583667e-01
-7.724196838383516894e-01
-6.456451886739462687e-01
8.259344608434502355e-01
-2.519329979209268267e-01
2.347598931049386106e-01
-3.511117585028296073e-01
-4.863509072293519253e-01
1.916762602666404192e-01
2.243926692913311705e-02
-9.931660034559826045e-01
9.014972968719554558e-01
3.534915563090814672e-01
2.585126933539807492e-01
6.529894834367953038e-01
3.782557805396313810e-01
-6.301346908189922047e-01
-7.402426162435860046e-01
9.474799012175583179e-01
-5.688814036196583324e-01
-8.517659753924529120e-01
5.703009231982651972e-01
2.209948626112920866e-01
-1.375782715623801167e-01
-7.312587657077553871e-01
-9.031855103697614684e-01
6.832527789480298264e-01
3.323428812472914995e-01
-8.343331503415685191e-02
-3.673232993667634450e-01
-4.769272492045808498e-01
4.185787191558063558e-01
2.258696100566581766e-01
-4.117656460822574083e-01
1.709306690637444337e-01
5.421778150670844010e-01
9.287333541223388167e-01
5.871155643058778573e-02
1.604817866836301121e-01
-7.427879662626590829e-01
4.265337302250011842e-01
3.093568212388042582e-03
1.235382635882698033e-01
9.970050648883976852e-01
2.976928132937290972e-01
3.808637548796112160e-01
3.554718243492283047e-01
-3.350450250531318286e-01
-1.973064869654761466e-01
-4.797587069498217005e-01
5.063862565290020434e-01
5.085705577417951595e-01
3.790846873178335130e-01
-6.129780384338296972e-01
2.077769871564105753e-01
-6.026405390616476065e-01
-6.646359037041651430e-01
9.456261818503357564e-01
-7.971256862879898542e-01
-9.716149848678556911e-01
6.605775784633034498e-01
-4.765747565401927677e-01
5.044760164190362772e-01
4.915039989594895964e-01
8.804512285273748962e-01
-8.466815466645027932e-01
2.990230653159460239e-01
-6.116253357991907613e-02
-5.146687708734920541e-01
3.207754161098599344e-01
7.411844243728473725e-01
5.969514055527931351e-01
9.705533741477250231e-01
-5.799654129575664285e-01
-9.873796529964673496e-02
9.790685805312335788e-01
-4.786795789016640157e-03
-4.948611465890324634e-01
8.219705951010729539e-01
5.858371473781203154e-01
-9.409444657566166104e-01
-8.550209312973142683e-01
5.222852556653778677e-01
6.627165157746115476e-01
-4.802255767273213571e-01
-2.821495936233739954e-01
-6.352898041765191461e-01
4.849220890149812391e-01
1.437017822721520233e-01
-8.273379448798074964e-01
5.625004576748284801e-01
1.009355313945281551e-01
-9.504088447167349241e-01
5.293338921635826200e-01
-8.033643709021160983e-01
3.806414486744811310e-01
-8.331386097339572583e-01
6.428242711179414925e-01
8.770405827136151800e-02
-2.824979514650323154e-01
7.077905554174290792e-01
-5.376809994681963634e-01
7.579498684566003952e-01
-8.181510911518574680e-02
-5.232168884450878465e-01
4.752425421849781895e-01
-3.921129732272867763e-01
8.423114604118528970e-01
1.232058195333514128e-01
3.479335930303431024e-01
-9.613613096804973779e-03
5.060156260017583119e-01
6.138710420272754931e-01
4.733164976231232224e-01
-2.769763498473523100e-01
7.859076676741683087e-04
-2.637765241576697228e-01
-8.378670824417964180e-01
4.575842248529071732e-02
2.507909801017755846e-01
-5.091972690802133439e-01
3.685314069258669445e-01
-6.063470573717844037e-01
-3.871049219299966815e-01
-3.556747788412271127e-01
-5.667832356122155524e-01
-8.637790294058678153e-01
3.570647631313155212e-01
-4.173601663833892417e-02
7.019731239829785086e-01
3.636426842911577584e-01
-7.915802082863871991e-01
1.699265443676027942e-01
-1.727467979307713009e-01
8.787039325357326458e-01
9.171541939463054849e-01
3.253491203774454554e-01
8.243981766172558956e-02
2.281335728160620580e-01
-3.732644913171365708e-01
-8.213446164299462726e-01
6.919572225641736907e-01
6.562035950418596553e-01
2.221123481357221152e-01
9.714716181478328938e-01
-9.847639485849803975e-01
2.670718744933480160e-01
4.679216390997664732e-01
-2.947540789578586562e-01
7.273739572890391969e-01
5.894763040781074714e-01
-6.354305522849434951e-01
4.737265756374688941e-01
-5.626922654805821544e-02
-2.610822221319899494e-01
7.059859051051686762e-02
6.353548504949169118e-01
7.426489844630461690e-01
4.889426539424117646e-01
-8.224714919033853100e-01
-6.673898110390406035e-01
-5.647448670234296308e-01
4.294622817632529621e-01
4.879357766629810467e-01
-8.528565032948081104e-01
8.814172756992504354e-01
-1.811606122239679539e-01
4.908951999373785124e-01
3.966788290104774628e-01
1.346714344448676215e-01
6.681056066257140547e-01
7.081949573317605218e-01
9.260577419994953097e-01
4.258280964057614693e-01
5.065715293715822298e-01
-7.255996969885094572e-01
-8.022585529354255840e-01
5.823931203295513725e-01
-6.512839873964397785e-01
4.717008950618966079e-01